HCAP 30 29
15 15 15 15 15 15 15 15 15 15 15 15 15 15 15 15 15 15 15 15 15 15 15 15 15 15 15 15 15 
15 15 15 15 15 15 15 15 15 15 15 15 15 15 15 15 15 15 15 15 15 15 15 15 15 15 15 15 15 
15 15 12 12 12 12 12 12 12 12 12 12 12 12 12 12 12 12 12 12 12 12 14 14 14 14 14 14 15 
15 15 11 11 11 11 11 11 11 10 10 11 11 11 11 11 9 10 10 9 10 10 10 14 14 14 14 14 15 
15 15 14 14 14 14 14 14 14 12 13 13 13 13 14 14 14 14 14 14 14 14 14 14 14 14 14 14 15 
15 15 14 14 14 14 14 14 14 14 14 14 14 14 14 14 14 14 14 14 14 14 14 14 14 14 14 14 15 
15 15 14 14 12 13 13 12 12 13 14 14 14 14 14 13 14 14 14 14 14 14 14 14 14 14 14 13 14 
15 15 14 14 14 14 14 14 14 14 13 13 14 14 14 14 14 14 14 12 14 13 14 14 14 14 14 14 15 
15 15 14 14 14 14 14 14 14 14 13 13 12 13 13 13 13 13 13 13 13 13 13 13 13 14 14 13 14 
15 15 14 14 14 12 14 14 14 14 14 14 14 14 14 14 14 14 14 14 14 14 14 14 14 14 14 13 14 
14 14 14 14 14 13 14 14 14 14 14 14 14 14 14 14 14 14 14 14 14 14 14 14 14 14 14 14 15 
15 15 14 13 13 14 14 14 14 14 14 14 14 14 14 14 14 14 14 14 12 13 14 14 14 14 14 14 15 
14 14 12 12 12 12 12 11 10 11 11 11 11 11 11 12 12 12 12 12 12 12 12 13 13 14 14 13 14 
14 14 11 11 11 11 11 11 11 11 10 11 11 11 11 11 11 11 11 11 11 11 11 14 14 13 13 12 13 
13 13 14 14 14 14 14 14 14 14 14 14 14 14 14 14 14 14 14 14 14 14 12 14 14 14 14 13 14 
15 15 14 14 12 13 13 13 13 14 14 14 14 13 14 14 12 13 13 14 14 14 14 14 14 14 14 14 15 
14 14 14 14 14 14 14 14 14 14 14 14 14 14 13 14 14 14 14 14 14 14 14 13 14 14 14 12 13 
14 14 14 14 13 14 14 14 14 14 14 14 14 14 14 14 14 14 14 14 14 14 14 14 14 14 14 13 14 
14 14 14 14 12 14 14 14 12 13 13 13 13 13 14 14 14 14 14 14 12 14 14 14 14 14 14 14 15 
15 15 14 14 12 13 13 13 14 14 13 13 13 13 13 13 13 13 13 14 14 14 14 13 13 14 14 14 15 
14 14 14 14 14 14 14 14 14 14 14 14 14 14 14 14 13 14 14 13 13 13 13 13 14 14 14 14 15 
14 14 14 14 14 14 14 14 14 14 12 14 14 14 14 14 14 14 14 14 14 14 14 14 14 14 14 14 15 
14 14 12 12 12 12 12 12 10 12 12 12 12 12 12 12 12 12 12 12 12 12 14 14 14 14 14 14 15 
15 15 11 11 11 11 9 10 10 10 11 11 11 11 11 11 11 11 11 11 9 10 10 13 14 14 14 14 15 
14 14 13 13 13 13 13 13 13 11 12 12 12 13 13 12 13 13 12 13 14 14 14 14 14 14 14 14 15 
15 15 14 14 14 14 14 14 14 14 14 14 14 14 14 14 14 14 14 14 14 14 14 14 14 14 14 14 15 
15 15 14 14 14 14 14 14 14 14 14 14 14 14 14 14 14 14 14 14 14 14 14 14 14 14 14 14 15 
15 15 14 14 14 14 14 14 14 14 14 14 14 14 14 14 14 14 14 14 14 14 14 14 14 14 14 14 15 
15 15 15 15 15 15 15 15 15 15 15 15 15 15 15 15 15 15 15 15 15 15 15 15 15 15 15 15 15 
15 15 15 15 15 15 15 15 15 15 15 15 15 15 15 15 15 15 15 15 15 15 15 15 15 15 15 15 15 
VCAP 29 30
16 16 16 16 16 16 16 16 16 16 16 16 16 16 16 16 16 16 16 16 16 15 16 16 16 16 16 16 16 16 
16 16 14 16 16 16 16 16 16 16 16 16 14 16 16 16 16 16 16 16 16 15 14 16 16 16 16 16 16 16 
16 16 12 16 16 16 16 16 16 16 16 16 12 16 16 16 16 16 16 16 16 16 12 16 16 16 16 16 16 16 
16 16 12 16 16 16 16 16 16 15 16 16 12 16 16 16 16 16 16 15 16 16 12 16 16 16 16 16 16 16 
16 16 12 16 16 16 16 16 16 15 16 16 12 16 16 16 16 16 16 15 16 16 12 16 16 16 16 16 16 16 
16 16 12 16 16 16 16 16 16 15 16 16 12 16 16 16 16 16 16 15 16 16 12 16 16 16 16 16 16 16 
16 16 12 16 15 16 16 16 16 16 15 16 12 16 16 16 16 16 16 15 16 16 12 16 16 16 16 16 16 16 
16 16 12 16 15 16 16 16 16 16 15 16 12 16 16 16 16 16 16 15 16 15 12 16 16 16 16 16 16 16 
16 16 12 16 15 16 16 16 16 16 15 16 12 16 16 15 16 16 16 16 15 16 12 16 16 16 16 16 16 16 
16 16 12 16 15 16 16 16 16 16 15 16 12 16 16 15 16 16 16 16 15 16 12 16 16 16 16 16 16 16 
16 16 12 16 15 16 16 16 16 16 15 16 12 16 16 15 16 16 16 16 15 16 12 16 16 16 16 16 16 16 
16 16 12 16 16 16 16 16 16 16 15 16 12 16 16 15 16 16 16 16 16 16 11 16 16 16 16 16 16 16 
16 16 12 16 16 16 16 16 16 16 15 16 12 16 16 15 16 16 16 16 16 16 12 16 16 15 16 16 16 16 
16 16 12 16 16 16 16 16 16 16 16 16 12 16 16 15 16 16 16 16 16 16 12 16 16 16 16 16 16 16 
16 16 12 16 16 16 16 16 16 16 16 16 12 16 16 14 16 16 16 16 16 16 12 15 16 16 16 16 16 16 
16 16 12 16 16 16 16 16 15 16 16 16 12 16 16 14 16 16 16 15 16 16 12 15 16 16 16 16 16 16 
16 16 12 16 16 16 16 16 15 16 16 16 12 16 15 14 16 16 16 15 16 16 12 15 16 16 16 16 16 16 
16 16 12 16 16 16 16 16 15 16 16 16 12 16 15 14 16 16 16 15 16 16 12 15 16 16 16 16 16 16 
16 16 12 16 16 16 16 16 15 16 16 15 12 16 16 14 16 16 16 15 16 16 12 15 16 16 16 16 16 16 
16 16 12 16 16 16 16 16 16 16 16 15 12 16 16 15 16 16 16 14 16 16 12 15 16 16 16 16 16 16 
16 16 12 16 16 16 16 16 16 16 16 15 12 16 16 15 16 16 16 16 15 16 12 16 16 16 16 16 16 16 
16 16 12 16 16 16 16 16 16 16 15 16 12 16 16 15 16 16 16 16 15 16 12 16 16 16 16 16 16 16 
16 16 12 16 16 16 16 16 16 16 15 16 12 16 16 15 16 16 16 16 15 16 12 16 16 16 16 16 16 16 
16 16 12 16 16 16 16 16 16 15 16 16 12 16 16 15 16 16 16 16 15 16 12 16 16 16 16 16 16 16 
16 16 12 16 16 16 16 16 16 16 16 16 12 16 16 16 16 16 16 16 16 16 12 16 16 16 16 16 16 16 
16 16 12 16 16 16 16 16 16 16 16 16 12 16 16 16 16 16 16 16 16 16 12 16 16 16 16 16 16 16 
16 16 12 16 16 16 16 16 16 16 16 16 12 16 16 16 16 16 16 16 16 16 12 16 16 16 16 16 16 16 
16 16 14 16 16 16 16 16 16 16 16 16 14 15 16 16 16 16 16 16 16 16 14 16 16 16 16 16 16 16 
16 16 16 16 16 16 16 16 16 16 16 16 16 15 16 16 16 16 16 16 16 16 16 16 16 16 16 16 16 16 
NET 2 PIN 2 DRV 1
1563 25 13 0 1.59701e-10 2.55974e-10 269 1 D _561_
330 26 14 1 1.59701e-10 2.55974e-10 63 0 Y _355_
NET 3 PIN 2 DRV 1
1568 24 16 0 3.39249e-10 8.10731e-11 270 1 D _562_
363 23 16 1 3.39249e-10 8.10731e-11 69 0 Y _361_
NET 4 PIN 2 DRV 1
1573 22 14 0 3.44491e-10 6.96458e-11 271 1 D _563_
294 23 15 1 3.44491e-10 6.96458e-11 56 0 Y _348_
NET 5 PIN 2 DRV 0
1402 18 23 1 1.10503e-10 1.26443e-10 242 0 CON _534_
148 18 19 0 1.10503e-10 1.26443e-10 32 0 B _324_
NET 6 PIN 3 DRV 0
1397 18 20 1 1.21659e-10 7.55735e-11 241 0 SN _533_
146 17 19 0 1.21659e-10 1.14249e-10 32 0 A1 _324_
86 18 19 0 1.21659e-10 7.55735e-11 22 0 A _314_
NET 7 PIN 2 DRV 0
1414 22 23 1 1.03924e-10 1.18189e-10 244 0 CON _536_
142 22 20 0 1.03924e-10 1.18189e-10 31 0 B _323_
NET 8 PIN 4 DRV 0
1409 21 20 1 1.53576e-10 3.43699e-11 243 0 SN _535_
557 19 20 0 1.53576e-10 7.35826e-11 109 0 A1 _401_
454 20 21 0 1.53576e-10 1.13164e-10 91 0 A _383_
87 18 19 0 1.53576e-10 3.43699e-11 22 0 B _314_
NET 9 PIN 2 DRV 0
1421 20 19 1 1.21226e-10 7.2716e-11 245 0 SN _537_
551 18 19 0 1.21226e-10 9.6811e-11 108 0 A1 _400_
NET 10 PIN 2 DRV 0
1438 7 11 1 1.04081e-10 1.16728e-10 248 0 CON _540_
171 8 10 0 1.04081e-10 1.16728e-10 36 0 B _328_
NET 11 PIN 2 DRV 0
1450 7 7 1 1.10288e-10 1.09748e-10 250 0 CON _542_
169 7 10 0 1.10288e-10 1.09748e-10 36 0 A1 _328_
NET 12 PIN 3 DRV 0
1445 10 9 1 1.28378e-10 3.34767e-11 249 0 SN _541_
529 9 10 0 1.28378e-10 4.35517e-11 104 0 A1 _396_
158 13 10 0 1.28378e-10 8.96473e-11 34 0 A _326_
NET 13 PIN 2 DRV 0
1462 13 11 1 1.03709e-10 1.17638e-10 252 0 CON _544_
165 13 9 0 1.03709e-10 1.17638e-10 35 0 B _327_
NET 14 PIN 2 DRV 1
2137 12 11 0 1.21411e-10 2.48851e-11 456 0 A rebuffer9
1457 12 10 1 1.21411e-10 2.48851e-11 251 0 SN _543_
NET 15 PIN 2 DRV 0
1469 12 9 1 1.20968e-10 3.93937e-11 253 0 SN _545_
95 13 10 0 1.20968e-10 3.93937e-11 23 0 C _315_
NET 16 PIN 2 DRV 0
1486 23 10 1 1.02565e-10 1.17141e-10 256 0 CON _548_
194 21 10 0 1.02565e-10 1.17141e-10 40 0 B _332_
NET 17 PIN 2 DRV 0
1498 23 7 1 1.09145e-10 1.10495e-10 258 0 CON _550_
192 21 10 0 1.09145e-10 1.10495e-10 40 0 A1 _332_
NET 18 PIN 4 DRV 0
1493 18 8 1 1.27234e-10 9.91e-12 257 0 SN _549_
493 17 9 0 1.27234e-10 3.01761e-11 98 0 A1 _390_
181 17 10 0 1.27234e-10 8.97209e-11 38 0 A _330_
100 17 8 0 1.27234e-10 9.91e-12 24 0 A _316_
NET 19 PIN 2 DRV 0
1510 21 4 1 1.02565e-10 1.18666e-10 260 0 CON _552_
188 17 4 0 1.02565e-10 1.18666e-10 39 0 B _331_
NET 20 PIN 2 DRV 0
1522 16 4 1 1.09186e-10 1.11276e-10 262 0 CON _554_
186 17 4 0 1.09186e-10 1.11276e-10 39 0 A1 _331_
NET 21 PIN 2 DRV 0
1517 17 7 1 1.20163e-10 1.69386e-11 261 0 SN _553_
101 17 8 0 1.20163e-10 1.69386e-11 24 0 B _316_
NET 22 PIN 2 DRV 0
1534 7 16 1 1.03824e-10 1.331e-10 264 0 CON _556_
130 7 17 0 1.03824e-10 1.331e-10 29 0 B _321_
NET 23 PIN 2 DRV 0
1546 7 18 1 1.10017e-10 1.26137e-10 266 0 CON _558_
128 7 17 0 1.10017e-10 1.26137e-10 29 0 A1 _321_
NET 24 PIN 3 DRV 0
1541 10 18 1 1.19998e-10 1.51225e-11 265 0 SN _557_
459 9 17 0 1.19998e-10 1.51225e-11 92 0 A1 _384_
113 10 17 0 1.19998e-10 1.13445e-10 26 0 A _318_
NET 25 PIN 2 DRV 0
1558 9 23 1 1.10066e-10 1.27769e-10 268 0 CON _560_
124 12 19 0 1.10066e-10 1.27769e-10 28 0 B _320_
NET 26 PIN 11 DRV 10
69 24 12 0 1.09958e-10 1.64369e-10 18 0 A _310_
299 20 13 0 1.09958e-10 1.22387e-10 58 0 A _350_
313 26 15 0 1.09958e-10 2.55974e-10 61 0 A _353_
321 25 14 0 1.09958e-10 2.6732e-10 62 0 B _354_
566 22 12 0 1.09958e-10 2.23415e-10 110 0 B1 _402_
574 19 15 0 1.09958e-10 1.79718e-10 112 0 A _404_
741 20 14 0 1.09958e-10 2.36613e-10 133 0 A _425_
776 20 16 0 1.09958e-10 2.20031e-10 140 0 A _432_
1093 18 12 0 1.09958e-10 2.46385e-10 193 0 A _485_
1193 26 17 0 1.09958e-10 2.30014e-10 209 0 C _501_
1564 27 13 1 1.09958e-10 1.22387e-10 269 1 QN _561_
NET 27 PIN 2 DRV 0
1320 9 22 1 1.46442e-10 1.42094e-10 230 0 SN _522_
817 8 21 0 1.46442e-10 1.42094e-10 147 0 A _439_
NET 28 PIN 3 DRV 0
1326 9 22 1 1.30951e-10 8.10188e-12 230 0 CON _522_
1316 8 18 0 1.30951e-10 1.01228e-10 229 0 A _521_
460 10 17 0 1.30951e-10 8.10188e-12 92 0 A2 _384_
NET 29 PIN 2 DRV 0
1540 10 18 1 1.02811e-10 1.93805e-11 265 0 CON _557_
461 10 17 0 1.02811e-10 3.51958e-11 92 0 B _384_
NET 30 PIN 2 DRV 0
1333 5 18 1 1.71773e-10 1.01228e-10 231 0 CON _523_
429 5 17 0 1.71773e-10 1.01652e-10 86 0 A _378_
NET 31 PIN 2 DRV 0
1528 9 16 1 1.01799e-10 3.47434e-11 263 0 CON _555_
467 10 16 0 1.01799e-10 5.28377e-11 93 0 B _385_
NET 32 PIN 2 DRV 0
1334 15 6 1 2.19742e-10 6.92929e-11 232 0 SN _524_
933 14 6 0 2.19742e-10 6.92929e-11 167 0 A _459_
NET 33 PIN 2 DRV 0
1516 16 7 1 1.05827e-10 1.74324e-11 261 0 CON _553_
487 17 7 0 1.05827e-10 3.60619e-11 97 0 A1 _389_
NET 34 PIN 2 DRV 0
1340 15 6 1 2.03716e-10 6.92929e-11 232 0 CON _524_
434 17 6 0 2.03716e-10 6.96974e-11 87 0 A _379_
NET 35 PIN 3 DRV 1
2165 18 7 0 1.00225e-10 1.22489e-10 463 0 A rebuffer16
1504 18 5 1 1.00225e-10 -8.02663e-13 259 0 CON _551_
489 17 7 0 1.00225e-10 4.45846e-11 97 0 B _389_
NET 36 PIN 2 DRV 0
1492 18 8 1 1.01667e-10 1.95602e-11 257 0 CON _549_
495 18 9 0 1.01667e-10 5.99372e-11 98 0 B _390_
NET 37 PIN 2 DRV 0
1347 20 7 1 2.20127e-10 5.28841e-11 233 0 CON _525_
439 20 9 0 2.20127e-10 5.3288e-11 88 0 A _380_
NET 38 PIN 2 DRV 0
1480 20 10 1 9.75616e-11 5.8573e-12 255 0 CON _547_
503 17 9 0 9.75616e-11 8.05515e-11 99 0 C _391_
NET 39 PIN 2 DRV 0
1348 11 7 1 2.50749e-10 3.81972e-11 234 0 SN _526_
1069 11 6 0 2.50749e-10 3.81972e-11 189 0 A _481_
NET 40 PIN 3 DRV 0
1468 11 9 1 1.05971e-10 3.9595e-11 253 0 CON _545_
524 11 10 0 1.05971e-10 4.89859e-11 103 0 A2 _395_
513 12 9 0 1.05971e-10 1.12328e-10 101 0 B _393_
NET 41 PIN 2 DRV 0
1354 11 7 1 2.34081e-10 3.55973e-11 234 0 CON _526_
445 12 8 0 2.34081e-10 3.55973e-11 89 0 B _381_
NET 42 PIN 2 DRV 0
1456 11 10 1 1.08369e-10 2.48851e-11 251 0 CON _543_
519 11 9 0 1.08369e-10 1.25892e-10 102 0 B _394_
NET 43 PIN 2 DRV 0
1355 6 9 1 2.70615e-10 1.83316e-11 235 0 SN _527_
1131 6 8 0 2.70615e-10 1.83316e-11 199 0 A _491_
NET 44 PIN 2 DRV 0
1444 9 9 1 1.02811e-10 4.31274e-11 249 0 CON _541_
531 9 10 0 1.02811e-10 7.32323e-11 104 0 B _396_
NET 45 PIN 2 DRV 0
1361 6 9 1 2.53874e-10 1.78621e-11 235 0 CON _527_
449 6 10 0 2.53874e-10 1.78621e-11 90 0 A _382_
NET 46 PIN 2 DRV 0
1432 8 10 1 1.01799e-10 3.55548e-11 247 0 CON _539_
537 9 10 0 1.01799e-10 9.04855e-11 105 0 B _397_
NET 47 PIN 2 DRV 0
1362 20 18 1 2.67892e-10 2.04703e-11 236 0 SN _528_
1181 22 18 0 2.67892e-10 2.04703e-11 207 0 A _499_
NET 48 PIN 2 DRV 0
1420 20 19 1 1.04931e-10 7.76971e-11 245 0 CON _537_
553 19 19 0 1.04931e-10 1.16273e-10 108 0 B _400_
NET 49 PIN 2 DRV 0
1368 20 18 1 2.51322e-10 1.87119e-11 236 0 CON _528_
455 20 21 0 2.51322e-10 1.87119e-11 91 0 B _383_
NET 50 PIN 2 DRV 0
1408 21 20 1 1.05479e-10 5.90045e-11 243 0 CON _535_
559 19 20 0 1.05479e-10 1.32599e-10 109 0 B _401_
NET 51 PIN 2 DRV 0
1369 16 20 1 2.88001e-10 6.85813e-13 237 0 SN _529_
1266 16 21 0 2.88001e-10 6.85813e-13 221 0 A _513_
NET 52 PIN 3 DRV 0
1654 18 15 1 7.67138e-11 6.1264e-11 287 1 QN _579_
1284 18 13 0 7.67138e-11 2.84165e-10 224 0 A _516_
246 18 8 0 7.67138e-11 2.29817e-10 50 0 A _342_
NET 53 PIN 10 DRV 9
288 22 15 0 9.17911e-11 3.08769e-10 56 0 A1 _348_
300 20 13 0 9.17911e-11 1.50309e-10 58 0 B _350_
315 26 15 0 9.17911e-11 2.79318e-10 61 0 C _353_
335 19 16 0 9.17911e-11 2.04004e-10 65 0 A _357_
563 21 12 0 9.17911e-11 2.58318e-10 110 0 A1 _402_
742 20 14 0 9.17911e-11 2.66309e-10 133 0 B _425_
1095 18 12 0 9.17911e-11 2.67901e-10 193 0 C _485_
1186 25 17 0 9.17911e-11 2.59946e-10 208 0 B _500_
1191 26 17 0 9.17911e-11 2.6427e-10 209 0 A2 _501_
1574 24 14 1 9.17911e-11 1.50309e-10 271 1 QN _563_
NET 54 PIN 2 DRV 0
1569 25 16 1 7.48838e-11 2.00185e-10 270 1 QN _562_
354 26 16 0 7.48838e-11 3.11668e-10 68 0 B _360_
NET 55 PIN 2 DRV 0
1378 12 20 1 1.04988e-10 1.28014e-10 238 0 CON _530_
118 11 19 0 1.04988e-10 1.28014e-10 27 0 A _319_
NET 56 PIN 3 DRV 0
1391 17 17 1 1.3043e-10 6.1264e-11 240 0 SN _532_
425 16 20 0 1.3043e-10 1.34815e-10 85 0 B _377_
89 18 19 0 1.3043e-10 6.1264e-11 22 0 D _314_
NET 57 PIN 2 DRV 0
1426 23 19 1 1.11442e-10 1.10203e-10 246 0 CON _538_
141 22 20 0 1.11442e-10 1.10203e-10 31 0 A2 _323_
NET 58 PIN 2 DRV 1
2173 8 11 0 1.12598e-10 3.44424e-11 465 0 A rebuffer18
1433 8 10 1 1.12598e-10 3.44424e-11 247 0 SN _539_
NET 59 PIN 2 DRV 0
1474 11 4 1 1.10485e-10 1.11022e-10 254 0 CON _546_
164 13 9 0 1.10485e-10 1.11022e-10 35 0 A2 _327_
NET 60 PIN 3 DRV 2
2133 19 10 0 1.20616e-10 -1.94948e-12 455 0 A rebuffer8
2129 19 9 0 1.20616e-10 1.36535e-10 454 0 A rebuffer7
1481 21 10 1 1.20616e-10 -1.94948e-12 255 0 SN _547_
NET 61 PIN 2 DRV 0
1529 9 16 1 1.25066e-10 2.48419e-11 263 0 SN _555_
2153 10 16 0 1.25066e-10 9.47318e-11 460 0 A rebuffer13
NET 62 PIN 3 DRV 0
1553 12 21 1 1.21064e-10 1.16296e-10 267 0 SN _559_
232 12 18 0 1.21064e-10 1.3346e-10 47 0 B _339_
123 12 19 0 1.21064e-10 1.16296e-10 28 0 A2 _320_
NET 63 PIN 2 DRV 1
1583 10 24 0 3.79959e-10 3.50955e-11 273 1 D _565_
606 9 24 1 3.79959e-10 3.50955e-11 116 0 Y _408_
NET 64 PIN 2 DRV 1
1598 17 3 0 3.79959e-10 3.43699e-11 276 1 D _568_
633 16 3 1 3.79959e-10 3.43699e-11 119 0 Y _411_
NET 65 PIN 2 DRV 1
1603 22 3 0 3.79959e-10 3.43699e-11 277 1 D _569_
642 21 3 1 3.79959e-10 3.43699e-11 120 0 Y _412_
NET 66 PIN 2 DRV 1
1608 25 8 0 3.79959e-10 3.43699e-11 278 1 D _570_
651 24 8 1 3.79959e-10 3.43699e-11 121 0 Y _413_
NET 67 PIN 2 DRV 1
1613 23 12 0 3.79959e-10 3.43699e-11 279 1 D _571_
660 23 11 1 3.79959e-10 3.43699e-11 122 0 Y _414_
NET 68 PIN 2 DRV 1
1618 10 3 0 3.79959e-10 3.50955e-11 280 1 D _572_
669 12 3 1 3.79959e-10 3.50955e-11 123 0 Y _415_
NET 69 PIN 2 DRV 1
1623 11 13 0 3.79959e-10 3.50955e-11 281 1 D _573_
682 11 12 1 3.79959e-10 3.50955e-11 125 0 Y _417_
NET 70 PIN 2 DRV 1
1638 24 20 0 3.79959e-10 3.69754e-11 284 1 D _576_
709 24 19 1 3.79959e-10 3.69754e-11 128 0 Y _420_
NET 71 PIN 2 DRV 1
1643 23 23 0 3.79959e-10 3.69754e-11 285 1 D _577_
718 23 24 1 3.79959e-10 3.69754e-11 129 0 Y _421_
NET 72 PIN 2 DRV 1
1653 17 15 0 3.79959e-10 3.69754e-11 287 1 D _579_
740 18 15 1 3.79959e-10 3.69754e-11 132 0 Y _424_
NET 73 PIN 2 DRV 1
1658 10 21 0 3.5949e-10 5.9497e-11 288 1 D _580_
798 12 21 1 3.5949e-10 5.9497e-11 143 0 Y _435_
NET 74 PIN 2 DRV 1
1663 6 23 0 3.5949e-10 5.9497e-11 289 1 D _581_
834 7 22 1 3.5949e-10 5.9497e-11 149 0 Y _441_
NET 75 PIN 2 DRV 1
1668 4 19 0 3.5949e-10 5.9497e-11 290 1 D _582_
878 4 20 1 3.5949e-10 5.9497e-11 157 0 Y _449_
NET 76 PIN 2 DRV 1
1678 13 4 0 3.5949e-10 5.9497e-11 292 1 D _584_
950 14 5 1 3.5949e-10 5.9497e-11 169 0 Y _461_
NET 77 PIN 2 DRV 1
1683 19 3 0 3.5949e-10 5.81498e-11 293 1 D _585_
982 19 5 1 3.5949e-10 5.81498e-11 174 0 Y _466_
NET 78 PIN 2 DRV 1
1688 21 7 0 3.5949e-10 5.81498e-11 294 1 D _586_
1018 21 6 1 3.5949e-10 5.81498e-11 180 0 Y _472_
NET 79 PIN 2 DRV 1
1693 20 11 0 3.5949e-10 5.81498e-11 295 1 D _587_
1050 20 10 1 3.5949e-10 5.81498e-11 185 0 Y _477_
NET 80 PIN 2 DRV 1
1698 9 4 0 3.5949e-10 5.9497e-11 296 1 D _588_
1086 9 5 1 3.5949e-10 5.9497e-11 191 0 Y _483_
NET 81 PIN 2 DRV 1
1708 4 6 0 3.5949e-10 5.9497e-11 298 1 D _590_
1148 5 6 1 3.5949e-10 5.9497e-11 201 0 Y _493_
NET 82 PIN 2 DRV 1
1718 24 19 0 3.76881e-10 3.9654e-11 300 1 D _592_
1215 24 18 1 3.76881e-10 3.9654e-11 212 0 Y _504_
NET 83 PIN 2 DRV 1
1723 20 23 0 3.5949e-10 6.13769e-11 301 1 D _593_
1247 21 22 1 3.5949e-10 6.13769e-11 217 0 Y _509_
NET 84 PIN 2 DRV 1
1728 15 24 0 3.5949e-10 6.13769e-11 302 1 D _594_
1283 15 22 1 3.5949e-10 6.13769e-11 223 0 Y _515_
NET 85 PIN 2 DRV 1
1733 14 16 0 3.5949e-10 5.9497e-11 303 1 D _595_
1315 16 16 1 3.5949e-10 5.9497e-11 228 0 Y _520_
NET 86 PIN 3 DRV 2
289 22 15 0 1.45163e-10 2.56021e-10 56 0 A2 _348_
275 21 15 0 1.45163e-10 2.2331e-10 54 0 A _346_
85 23 14 1 1.45163e-10 2.2331e-10 21 0 Y _313_
NET 87 PIN 3 DRV 2
209 14 14 0 2.01014e-10 5.44834e-11 43 0 A1 _335_
107 13 14 0 2.01014e-10 4.34036e-11 25 0 A _317_
92 17 19 1 2.01014e-10 3.43699e-11 22 0 Y _314_
NET 88 PIN 4 DRV 3
541 14 10 0 1.72384e-10 2.93682e-11 106 0 A1 _398_
205 14 14 0 1.72384e-10 6.31689e-11 42 0 B _334_
108 13 14 0 1.72384e-10 7.08755e-11 25 0 B _317_
99 12 10 1 1.72384e-10 2.93682e-11 23 0 Y _315_
NET 89 PIN 2 DRV 1
2169 16 9 0 1.74256e-10 5.48388e-11 464 0 A rebuffer17
106 16 8 1 1.74256e-10 -1.94948e-12 24 0 Y _316_
NET 90 PIN 2 DRV 1
237 13 17 0 2.3346e-10 5.33359e-11 48 0 A _340_
112 13 14 1 2.3346e-10 4.34036e-11 25 0 Y _317_
NET 91 PIN 2 DRV 1
233 12 18 0 1.623e-10 9.47318e-11 47 0 C _339_
117 11 17 1 1.623e-10 9.47318e-11 26 0 Y _318_
NET 92 PIN 2 DRV 1
135 12 18 0 1.41321e-10 1.16296e-10 30 0 A2 _322_
127 12 19 1 1.41321e-10 1.16296e-10 28 0 Y _320_
NET 93 PIN 2 DRV 1
136 12 18 0 1.60732e-10 9.62254e-11 30 0 B _322_
133 8 17 1 1.60732e-10 9.62254e-11 29 0 Y _321_
NET 94 PIN 2 DRV 1
217 13 17 0 1.78573e-10 9.62254e-11 44 0 A2 _336_
139 12 18 1 1.78573e-10 9.62254e-11 30 0 Y _322_
NET 95 PIN 2 DRV 1
147 18 19 0 1.77643e-10 6.39933e-11 32 0 A2 _324_
145 22 20 1 1.77643e-10 6.39933e-11 31 0 Y _323_
NET 96 PIN 2 DRV 1
153 17 17 0 1.93804e-10 6.39933e-11 33 0 A2 _325_
151 18 19 1 1.93804e-10 6.39933e-11 32 0 Y _324_
NET 97 PIN 2 DRV 1
218 13 17 0 2.09343e-10 6.39933e-11 44 0 B _336_
157 17 17 1 2.09343e-10 6.39933e-11 33 0 Y _325_
NET 98 PIN 2 DRV 1
176 14 10 0 1.6501e-10 7.29834e-11 37 0 A2 _329_
168 13 9 1 1.6501e-10 7.29834e-11 35 0 Y _327_
NET 99 PIN 2 DRV 1
177 14 10 0 1.57805e-10 7.99658e-11 37 0 B _329_
174 8 10 1 1.57805e-10 7.99658e-11 36 0 Y _328_
NET 100 PIN 2 DRV 1
210 14 14 0 1.79615e-10 7.29834e-11 43 0 A2 _335_
180 14 10 1 1.79615e-10 7.29834e-11 37 0 Y _329_
NET 101 PIN 2 DRV 1
198 18 10 0 1.58325e-10 8.20145e-11 41 0 A1 _333_
185 17 10 1 1.58325e-10 8.20145e-11 38 0 Y _330_
NET 102 PIN 2 DRV 1
199 18 10 0 1.54263e-10 8.33569e-11 41 0 A2 _333_
191 18 4 1 1.54263e-10 8.33569e-11 39 0 Y _331_
NET 103 PIN 2 DRV 1
200 18 10 0 1.55197e-10 8.60568e-11 41 0 B _333_
197 22 10 1 1.55197e-10 8.60568e-11 40 0 Y _332_
NET 104 PIN 2 DRV 1
211 14 14 0 1.74286e-10 8.20145e-11 43 0 B1 _335_
203 18 10 1 1.74286e-10 8.20145e-11 41 0 Y _333_
NET 105 PIN 2 DRV 1
219 13 17 0 2.39279e-10 3.43699e-11 44 0 C _336_
215 13 14 1 2.39279e-10 3.43699e-11 43 0 Y _335_
NET 106 PIN 35 DRV 34
937 14 5 0 3.06092e-10 5.9497e-11 168 0 A1 _460_
969 18 5 0 3.06092e-10 5.81498e-11 173 0 A1 _465_
1005 20 6 0 3.06092e-10 5.81498e-11 179 0 A1 _471_
1037 20 9 0 3.06092e-10 5.81498e-11 184 0 A1 _476_
1073 11 5 0 3.06092e-10 5.9497e-11 190 0 A1 _482_
1135 5 7 0 3.06092e-10 5.9497e-11 200 0 A1 _492_
1167 4 10 0 3.06092e-10 5.9497e-11 205 0 A1 _497_
1234 20 22 0 3.06092e-10 6.13769e-11 216 0 A1 _508_
1270 15 22 0 3.06092e-10 6.13769e-11 222 0 A1 _514_
1302 16 19 0 3.06092e-10 5.9497e-11 227 0 A1 _519_
346 22 16 0 3.06092e-10 8.10731e-11 67 0 A1 _359_
770 14 21 0 3.06092e-10 7.04726e-11 139 0 A1 _431_
811 6 22 0 3.06092e-10 7.04726e-11 146 0 A1 _438_
855 4 20 0 3.06092e-10 7.04726e-11 154 0 A1 _446_
891 6 15 0 3.06092e-10 7.04726e-11 160 0 A1 _452_
923 14 4 0 3.06092e-10 7.04726e-11 165 0 A1 _457_
963 23 4 0 3.06092e-10 6.9747e-11 172 0 A1 _464_
995 25 6 0 3.06092e-10 6.9747e-11 177 0 A1 _469_
1031 25 11 0 3.06092e-10 6.9747e-11 183 0 A1 _475_
1063 10 5 0 3.06092e-10 7.04726e-11 188 0 A1 _480_
282 22 15 0 3.06092e-10 6.96458e-11 55 0 A1 _347_
785 12 21 0 3.06092e-10 5.9497e-11 142 0 A1 _434_
821 7 21 0 3.06092e-10 5.9497e-11 148 0 A1 _440_
865 4 19 0 3.06092e-10 5.9497e-11 156 0 A1 _448_
897 4 16 0 3.06092e-10 5.9497e-11 161 0 A1 _453_
1125 5 5 0 3.06092e-10 7.04726e-11 198 0 A1 _490_
1161 5 12 0 3.06092e-10 7.04726e-11 204 0 A1 _496_
1228 24 22 0 3.06092e-10 7.23524e-11 215 0 A1 _507_
1260 17 22 0 3.06092e-10 7.23524e-11 220 0 A1 _512_
1296 18 14 0 3.06092e-10 7.04726e-11 226 0 A1 _518_
564 21 12 0 3.06092e-10 3.7178e-11 110 0 A2 _402_
584 13 15 0 3.06092e-10 3.43699e-11 113 0 A _405_
1087 13 12 0 3.06092e-10 6.54138e-11 192 0 A1 _484_
1204 24 19 0 3.06092e-10 5.82253e-11 211 0 B _503_
222 14 17 1 3.06092e-10 3.43699e-11 44 0 Y _336_
NET 107 PIN 2 DRV 1
238 13 17 0 1.91676e-10 9.47318e-11 48 0 B _340_
236 13 18 1 1.91676e-10 9.47318e-11 47 0 Y _339_
NET 108 PIN 35 DRV 34
840 5 20 0 2.77512e-10 8.85295e-11 151 0 B _443_
880 7 15 0 2.77512e-10 8.85295e-11 158 0 B _450_
912 15 5 0 2.77512e-10 8.85295e-11 163 0 B _455_
952 23 5 0 2.77512e-10 8.71823e-11 170 0 B _462_
984 24 6 0 2.77512e-10 8.71823e-11 175 0 B _467_
1020 24 10 0 2.77512e-10 8.71823e-11 181 0 B _473_
1052 11 5 0 2.77512e-10 8.85295e-11 186 0 B _478_
1114 6 6 0 2.77512e-10 8.85295e-11 196 0 B _488_
1150 6 12 0 2.77512e-10 8.85295e-11 202 0 B _494_
1217 24 22 0 2.77512e-10 9.04093e-11 213 0 B _505_
759 13 21 0 2.77512e-10 8.85295e-11 137 0 B _429_
800 6 21 0 2.77512e-10 8.85295e-11 144 0 B _436_
1074 10 5 0 2.77512e-10 9.02488e-11 190 0 A2 _482_
1088 13 12 0 2.77512e-10 9.28038e-11 192 0 A2 _484_
1136 5 7 0 2.77512e-10 9.02488e-11 200 0 A2 _492_
1168 4 10 0 2.77512e-10 9.02488e-11 205 0 A2 _497_
1205 24 19 0 2.77512e-10 9.75432e-11 211 0 C _503_
1235 20 22 0 2.77512e-10 9.21286e-11 216 0 A2 _508_
1271 15 22 0 2.77512e-10 8.94221e-11 222 0 A2 _514_
1303 16 19 0 2.77512e-10 8.94221e-11 227 0 A2 _519_
283 22 15 0 2.77512e-10 1.08056e-10 55 0 A2 _347_
347 22 16 0 2.77512e-10 1.14896e-10 67 0 A2 _359_
786 12 21 0 2.77512e-10 9.02488e-11 142 0 A2 _434_
822 7 21 0 2.77512e-10 9.02488e-11 148 0 A2 _440_
866 4 19 0 2.77512e-10 9.02488e-11 156 0 A2 _448_
898 4 16 0 2.77512e-10 9.02488e-11 161 0 A2 _453_
938 13 5 0 2.77512e-10 9.02488e-11 168 0 A2 _460_
970 18 5 0 2.77512e-10 8.95232e-11 173 0 A2 _465_
1006 20 6 0 2.77512e-10 8.95232e-11 179 0 A2 _471_
1038 20 9 0 2.77512e-10 8.95232e-11 184 0 A2 _476_
1285 18 13 0 2.77512e-10 8.85295e-11 224 0 B _516_
1249 17 22 0 2.77512e-10 9.04093e-11 218 0 B _510_
579 14 15 0 2.77512e-10 5.33359e-11 113 0 B _405_
565 21 12 0 2.77512e-10 6.89442e-11 110 0 A3 _402_
241 13 17 1 2.77512e-10 5.33359e-11 48 0 Y _340_
NET 109 PIN 2 DRV 1
257 12 17 0 1.17253e-10 2.12916e-10 51 0 E _343_
252 18 8 1 1.17253e-10 2.12916e-10 50 0 Y _342_
NET 110 PIN 3 DRV 2
340 21 16 0 1.5408e-10 2.12916e-10 66 0 B _358_
276 21 15 0 1.5408e-10 2.13536e-10 54 0 B _346_
260 12 17 1 1.5408e-10 2.12916e-10 51 0 Y _343_
NET 111 PIN 3 DRV 2
341 21 16 0 1.20686e-10 2.46053e-10 66 0 C _358_
277 21 15 0 1.20686e-10 2.46662e-10 54 0 C _346_
267 21 19 1 1.20686e-10 2.46053e-10 52 0 Y _344_
NET 112 PIN 3 DRV 2
342 21 16 0 1.14028e-10 2.52588e-10 66 0 D _358_
278 21 15 0 1.14028e-10 2.532e-10 54 0 D _346_
274 11 10 1 1.14028e-10 2.52588e-10 53 0 Y _345_
NET 113 PIN 2 DRV 1
284 22 15 0 1.8002e-10 2.13536e-10 55 0 B _347_
281 21 15 1 1.8002e-10 2.13536e-10 54 0 Y _346_
NET 114 PIN 2 DRV 1
290 23 15 0 3.34619e-10 6.96458e-11 56 0 B _348_
287 22 15 1 3.34619e-10 6.96458e-11 55 0 Y _347_
NET 115 PIN 2 DRV 1
316 26 15 0 8.42185e-11 2.89771e-10 61 0 D _353_
298 26 16 1 8.42185e-11 2.00185e-10 57 0 Y _349_
NET 116 PIN 17 DRV 16
309 26 16 0 1.57284e-10 1.22387e-10 60 0 B _352_
353 25 16 0 1.57284e-10 2.28393e-10 68 0 A2 _360_
766 14 23 0 1.57284e-10 2.17411e-10 138 0 B _430_
807 6 22 0 1.57284e-10 2.17411e-10 145 0 B _437_
851 4 21 0 1.57284e-10 2.17411e-10 153 0 B _445_
887 5 14 0 1.57284e-10 2.17411e-10 159 0 B _451_
919 14 3 0 1.57284e-10 2.17411e-10 164 0 B _456_
959 23 3 0 1.57284e-10 2.16064e-10 171 0 B _463_
991 26 6 0 1.57284e-10 2.16064e-10 176 0 B _468_
1027 26 11 0 1.57284e-10 2.16064e-10 182 0 B _474_
1292 24 13 0 1.57284e-10 2.17411e-10 225 0 B _517_
1256 17 23 0 1.57284e-10 2.17411e-10 219 0 B _511_
1224 25 22 0 1.57284e-10 2.17411e-10 214 0 B _506_
1157 4 13 0 1.57284e-10 2.17411e-10 203 0 B _495_
1121 5 3 0 1.57284e-10 2.17411e-10 197 0 B _489_
1059 9 3 0 1.57284e-10 2.17411e-10 187 0 B _479_
303 21 13 1 1.57284e-10 1.22387e-10 58 0 Y _350_
NET 117 PIN 2 DRV 1
326 26 14 0 1.46034e-10 2.55974e-10 63 0 B _355_
319 26 15 1 1.46034e-10 2.55974e-10 61 0 Y _353_
NET 118 PIN 2 DRV 1
327 26 14 0 1.26083e-10 2.6732e-10 63 0 C _355_
324 25 14 1 1.26083e-10 2.6732e-10 62 0 Y _354_
NET 119 PIN 4 DRV 3
777 20 16 0 1.08349e-10 2.40815e-10 140 0 B _432_
575 19 15 0 1.08349e-10 2.04004e-10 112 0 B _404_
339 21 16 0 1.08349e-10 2.58977e-10 66 0 A _358_
338 19 16 1 1.08349e-10 2.04004e-10 65 0 Y _357_
NET 120 PIN 2 DRV 1
348 22 16 0 1.83483e-10 2.12916e-10 67 0 B _359_
345 21 16 1 1.83483e-10 2.12916e-10 66 0 Y _358_
NET 121 PIN 2 DRV 1
358 23 16 0 3.29147e-10 8.10731e-11 69 0 A1 _361_
351 22 16 1 3.29147e-10 8.10731e-11 67 0 Y _359_
NET 122 PIN 2 DRV 1
359 23 16 0 1.76623e-10 2.28393e-10 69 0 A2 _361_
357 26 16 1 1.76623e-10 2.28393e-10 68 0 Y _360_
NET 123 PIN 2 DRV 1
466 10 16 0 1.52185e-10 8.10188e-12 93 0 A2 _385_
464 10 17 1 1.52185e-10 8.10188e-12 92 0 Y _384_
NET 124 PIN 4 DRV 3
500 17 9 0 1.69611e-10 8.10188e-12 99 0 A2 _391_
476 17 7 0 1.69611e-10 5.28841e-11 95 0 A2 _387_
471 15 7 0 1.69611e-10 6.92929e-11 94 0 A _386_
470 10 16 1 1.69611e-10 8.10188e-12 93 0 Y _385_
NET 125 PIN 2 DRV 1
482 18 7 0 1.86079e-10 5.28841e-11 96 0 A2 _388_
480 17 7 1 1.86079e-10 5.28841e-11 95 0 Y _387_
NET 126 PIN 2 DRV 1
494 17 9 0 1.55215e-10 7.02527e-12 98 0 A2 _390_
492 17 7 1 1.55215e-10 7.02527e-12 97 0 Y _389_
NET 127 PIN 2 DRV 1
501 17 9 0 1.71089e-10 7.02527e-12 99 0 B1 _391_
498 18 9 1 1.71089e-10 7.02527e-12 98 0 Y _390_
NET 128 PIN 4 DRV 3
542 14 10 0 2.04168e-10 -1.94948e-12 106 0 A2 _398_
512 12 9 0 2.04168e-10 1.78621e-11 101 0 A2 _393_
507 11 8 0 2.04168e-10 3.55973e-11 100 0 A _392_
506 16 9 1 2.04168e-10 -1.94948e-12 99 0 Y _391_
NET 129 PIN 2 DRV 1
518 11 9 0 2.22269e-10 1.78621e-11 102 0 A2 _394_
516 12 9 1 2.22269e-10 1.78621e-11 101 0 Y _393_
NET 130 PIN 2 DRV 1
530 9 10 0 1.53378e-10 2.48851e-11 104 0 A2 _396_
528 12 10 1 1.53378e-10 2.48851e-11 103 0 Y _395_
NET 131 PIN 2 DRV 1
543 14 10 0 1.83181e-10 2.48851e-11 106 0 B _398_
540 9 10 1 1.83181e-10 2.48851e-11 105 0 Y _397_
NET 132 PIN 3 DRV 2
552 19 19 0 2.22698e-10 -1.94947e-12 108 0 A2 _400_
547 19 18 0 2.22698e-10 1.87119e-11 107 0 A _399_
546 14 10 1 2.22698e-10 -1.94947e-12 106 0 Y _398_
NET 133 PIN 2 DRV 1
558 19 20 0 2.39786e-10 -1.94947e-12 109 0 A2 _401_
556 19 19 1 2.39786e-10 -1.94947e-12 108 0 Y _400_
NET 134 PIN 17 DRV 16
592 12 24 0 3.45702e-10 3.85252e-11 115 0 B2 _407_
601 9 24 0 3.45702e-10 3.85252e-11 116 0 B2 _408_
610 7 18 0 3.45702e-10 3.85252e-11 117 0 B2 _409_
619 8 15 0 3.45702e-10 3.85252e-11 118 0 B2 _410_
628 16 3 0 3.45702e-10 3.7178e-11 119 0 B2 _411_
637 21 3 0 3.45702e-10 3.7178e-11 120 0 B2 _412_
646 23 8 0 3.45702e-10 3.7178e-11 121 0 B2 _413_
655 22 11 0 3.45702e-10 3.7178e-11 122 0 B2 _414_
664 11 3 0 3.45702e-10 3.85252e-11 123 0 B2 _415_
677 10 12 0 3.45702e-10 3.85252e-11 125 0 B2 _417_
735 17 15 0 3.45702e-10 4.04051e-11 132 0 B2 _424_
722 18 24 0 3.45702e-10 4.04051e-11 130 0 B2 _422_
713 22 24 0 3.45702e-10 4.04051e-11 129 0 B2 _421_
704 23 19 0 3.45702e-10 4.04051e-11 128 0 B2 _420_
695 7 12 0 3.45702e-10 3.85252e-11 127 0 B2 _419_
686 7 6 0 3.45702e-10 3.85252e-11 126 0 B2 _418_
569 22 12 1 3.45702e-10 3.7178e-11 110 0 Y _402_
NET 135 PIN 17 DRV 16
760 14 21 0 1.56718e-10 2.1118e-10 137 0 C _429_
801 6 21 0 1.56718e-10 2.1118e-10 144 0 C _436_
841 5 20 0 1.56718e-10 2.1118e-10 151 0 C _443_
881 7 15 0 1.56718e-10 2.1118e-10 158 0 C _450_
913 15 5 0 1.56718e-10 2.1118e-10 163 0 C _455_
953 23 5 0 1.56718e-10 2.09833e-10 170 0 C _462_
985 24 6 0 1.56718e-10 2.09833e-10 175 0 C _467_
1021 24 10 0 1.56718e-10 2.09833e-10 181 0 C _473_
1053 11 5 0 1.56718e-10 2.1118e-10 186 0 C _478_
1206 24 19 0 1.56718e-10 2.20754e-10 211 0 D _503_
1286 18 13 0 1.56718e-10 2.1118e-10 224 0 C _516_
1250 17 22 0 1.56718e-10 2.1306e-10 218 0 C _510_
1218 24 22 0 1.56718e-10 2.1306e-10 213 0 C _505_
1151 6 12 0 1.56718e-10 2.1118e-10 202 0 C _494_
1115 6 6 0 1.56718e-10 2.1118e-10 196 0 C _488_
580 14 15 0 1.56718e-10 1.79718e-10 113 0 C _405_
578 19 15 1 1.56718e-10 1.79718e-10 112 0 Y _404_
NET 136 PIN 19 DRV 18
593 12 24 0 3.51057e-10 3.50955e-11 115 0 C1 _407_
602 9 24 0 3.51057e-10 3.50955e-11 116 0 C1 _408_
611 7 18 0 3.51057e-10 3.50955e-11 117 0 C1 _409_
620 7 15 0 3.51057e-10 3.50955e-11 118 0 C1 _410_
629 16 3 0 3.51057e-10 3.43699e-11 119 0 C1 _411_
638 20 3 0 3.51057e-10 3.43699e-11 120 0 C1 _412_
647 23 8 0 3.51057e-10 3.43699e-11 121 0 C1 _413_
656 22 11 0 3.51057e-10 3.43699e-11 122 0 C1 _414_
665 11 3 0 3.51057e-10 3.50955e-11 123 0 C1 _415_
1210 23 18 0 3.51057e-10 3.9654e-11 212 0 A1 _504_
1106 14 12 0 3.51057e-10 3.49353e-11 195 0 A2 _487_
736 17 15 0 3.51057e-10 3.69754e-11 132 0 C1 _424_
723 17 24 0 3.51057e-10 3.69754e-11 130 0 C1 _422_
714 22 24 0 3.51057e-10 3.69754e-11 129 0 C1 _421_
705 23 19 0 3.51057e-10 3.69754e-11 128 0 C1 _420_
696 7 12 0 3.51057e-10 3.50955e-11 127 0 C1 _419_
687 7 6 0 3.51057e-10 3.50955e-11 126 0 C1 _418_
678 10 12 0 3.51057e-10 3.50955e-11 125 0 C1 _417_
583 14 15 1 3.51057e-10 3.43699e-11 113 0 Y _405_
NET 137 PIN 3 DRV 2
1309 16 16 0 8.58135e-11 3.10813e-10 228 0 A1 _520_
737 17 15 0 8.58135e-11 3.05686e-10 132 0 C2 _424_
731 17 16 1 8.58135e-11 3.05686e-10 131 0 Y _423_
NET 138 PIN 15 DRV 14
793 13 21 0 1.52257e-10 2.37339e-10 143 0 A2 _435_
829 7 22 0 1.52257e-10 2.37339e-10 149 0 A2 _441_
873 4 20 0 1.52257e-10 2.37339e-10 157 0 A2 _449_
905 5 15 0 1.52257e-10 2.37339e-10 162 0 A2 _454_
945 14 5 0 1.52257e-10 2.37339e-10 169 0 A2 _461_
977 20 5 0 1.52257e-10 2.36613e-10 174 0 A2 _466_
1013 22 6 0 1.52257e-10 2.36613e-10 180 0 A2 _472_
1045 21 10 0 1.52257e-10 2.36613e-10 185 0 A2 _477_
1081 10 5 0 1.52257e-10 2.37339e-10 191 0 A2 _483_
1143 5 6 0 1.52257e-10 2.37339e-10 201 0 A2 _493_
1310 16 16 0 1.52257e-10 2.37339e-10 228 0 A2 _520_
1278 16 22 0 1.52257e-10 2.37339e-10 223 0 A2 _515_
1242 21 22 0 1.52257e-10 2.37339e-10 217 0 A2 _509_
1175 5 11 0 1.52257e-10 2.37339e-10 206 0 A2 _498_
745 20 14 1 1.52257e-10 2.36613e-10 133 0 Y _425_
NET 139 PIN 2 DRV 1
772 14 21 0 1.71691e-10 2.17411e-10 139 0 B _431_
769 14 23 1 1.71691e-10 2.17411e-10 138 0 Y _430_
NET 140 PIN 2 DRV 1
794 13 21 0 3.25503e-10 7.04726e-11 143 0 B1 _435_
775 14 21 1 3.25503e-10 7.04726e-11 139 0 Y _431_
NET 141 PIN 16 DRV 15
787 12 21 0 1.50702e-10 2.22927e-10 142 0 B _434_
823 7 21 0 1.50702e-10 2.22927e-10 148 0 B _440_
867 4 19 0 1.50702e-10 2.22927e-10 156 0 B _448_
900 5 16 0 1.50702e-10 2.21378e-10 161 0 C _453_
939 14 5 0 1.50702e-10 2.22927e-10 168 0 B _460_
1007 20 6 0 1.50702e-10 2.21579e-10 179 0 B _471_
1075 11 5 0 1.50702e-10 2.22927e-10 190 0 B _482_
1089 13 12 0 1.50702e-10 2.34545e-10 192 0 B _484_
1137 5 7 0 1.50702e-10 2.22927e-10 200 0 B _492_
1272 15 22 0 1.50702e-10 2.24807e-10 222 0 B _514_
1305 16 19 0 1.50702e-10 2.21378e-10 227 0 C _519_
1237 21 22 0 1.50702e-10 2.23258e-10 216 0 C _508_
1170 5 10 0 1.50702e-10 2.21378e-10 205 0 C _497_
1040 21 9 0 1.50702e-10 2.20031e-10 184 0 C _476_
972 18 5 0 1.50702e-10 2.20031e-10 173 0 C _465_
780 20 16 1 1.50702e-10 2.20031e-10 140 0 Y _432_
NET 142 PIN 2 DRV 1
812 6 22 0 3.03255e-10 8.85295e-11 146 0 A2 _438_
804 6 21 1 3.03255e-10 8.85295e-11 144 0 Y _436_
NET 143 PIN 2 DRV 1
830 7 22 0 3.25503e-10 7.04726e-11 149 0 B1 _441_
816 6 22 1 3.25503e-10 7.04726e-11 146 0 Y _438_
NET 144 PIN 2 DRV 1
831 7 22 0 3.40801e-10 5.9497e-11 149 0 B2 _441_
827 8 21 1 3.40801e-10 5.9497e-11 148 0 Y _440_
NET 145 PIN 2 DRV 1
856 4 20 0 3.03255e-10 8.85295e-11 154 0 A2 _446_
844 5 20 1 3.03255e-10 8.85295e-11 151 0 Y _443_
NET 146 PIN 2 DRV 1
857 4 20 0 1.71691e-10 2.17411e-10 154 0 B _446_
854 4 21 1 1.71691e-10 2.17411e-10 153 0 Y _445_
NET 147 PIN 2 DRV 1
875 4 20 0 3.40801e-10 5.9497e-11 157 0 B2 _449_
871 5 19 1 3.40801e-10 5.9497e-11 156 0 Y _448_
NET 148 PIN 2 DRV 1
892 6 15 0 3.03255e-10 8.85295e-11 160 0 A2 _452_
884 7 15 1 3.03255e-10 8.85295e-11 158 0 Y _450_
NET 149 PIN 2 DRV 1
893 6 15 0 1.71691e-10 2.17411e-10 160 0 B _452_
890 5 14 1 1.71691e-10 2.17411e-10 159 0 Y _451_
NET 150 PIN 2 DRV 1
906 5 15 0 3.25503e-10 7.04726e-11 162 0 B1 _454_
896 6 15 1 3.25503e-10 7.04726e-11 160 0 Y _452_
NET 151 PIN 2 DRV 1
907 5 15 0 3.40801e-10 5.9497e-11 162 0 B2 _454_
903 5 16 1 3.40801e-10 5.9497e-11 161 0 Y _453_
NET 152 PIN 2 DRV 1
924 14 4 0 3.03255e-10 8.85295e-11 165 0 A2 _457_
916 15 5 1 3.03255e-10 8.85295e-11 163 0 Y _455_
NET 153 PIN 2 DRV 1
925 14 4 0 1.71691e-10 2.17411e-10 165 0 B _457_
922 14 3 1 1.71691e-10 2.17411e-10 164 0 Y _456_
NET 154 PIN 2 DRV 1
946 14 5 0 3.25503e-10 7.04726e-11 169 0 B1 _461_
928 14 4 1 3.25503e-10 7.04726e-11 165 0 Y _457_
NET 155 PIN 2 DRV 1
964 23 4 0 3.03255e-10 8.71823e-11 172 0 A2 _464_
956 24 5 1 3.03255e-10 8.71823e-11 170 0 Y _462_
NET 156 PIN 2 DRV 1
965 23 4 0 1.71691e-10 2.16064e-10 172 0 B _464_
962 23 3 1 1.71691e-10 2.16064e-10 171 0 Y _463_
NET 157 PIN 2 DRV 1
978 20 5 0 3.25503e-10 6.9747e-11 174 0 B1 _466_
968 23 4 1 3.25503e-10 6.9747e-11 172 0 Y _464_
NET 158 PIN 2 DRV 1
979 20 5 0 3.40801e-10 5.81498e-11 174 0 B2 _466_
975 18 5 1 3.40801e-10 5.81498e-11 173 0 Y _465_
NET 159 PIN 2 DRV 1
996 25 6 0 3.03255e-10 8.71823e-11 177 0 A2 _469_
988 24 6 1 3.03255e-10 8.71823e-11 175 0 Y _467_
NET 160 PIN 2 DRV 1
997 25 6 0 1.71691e-10 2.16064e-10 177 0 B _469_
994 26 6 1 1.71691e-10 2.16064e-10 176 0 Y _468_
NET 161 PIN 2 DRV 1
1014 22 6 0 3.25503e-10 6.9747e-11 180 0 B1 _472_
1000 25 6 1 3.25503e-10 6.9747e-11 177 0 Y _469_
NET 162 PIN 2 DRV 1
1015 22 6 0 3.40801e-10 5.81498e-11 180 0 B2 _472_
1011 21 6 1 3.40801e-10 5.81498e-11 179 0 Y _471_
NET 163 PIN 2 DRV 1
1032 25 11 0 3.03255e-10 8.71823e-11 183 0 A2 _475_
1024 25 10 1 3.03255e-10 8.71823e-11 181 0 Y _473_
NET 164 PIN 2 DRV 1
1033 25 11 0 1.71691e-10 2.16064e-10 183 0 B _475_
1030 26 11 1 1.71691e-10 2.16064e-10 182 0 Y _474_
NET 165 PIN 2 DRV 1
1046 21 10 0 3.25503e-10 6.9747e-11 185 0 B1 _477_
1036 25 11 1 3.25503e-10 6.9747e-11 183 0 Y _475_
NET 166 PIN 2 DRV 1
1047 21 10 0 3.40801e-10 5.81498e-11 185 0 B2 _477_
1043 21 9 1 3.40801e-10 5.81498e-11 184 0 Y _476_
NET 167 PIN 2 DRV 1
1064 10 5 0 3.03255e-10 8.85295e-11 188 0 A2 _480_
1056 11 5 1 3.03255e-10 8.85295e-11 186 0 Y _478_
NET 168 PIN 2 DRV 1
1065 10 5 0 1.71691e-10 2.17411e-10 188 0 B _480_
1062 9 3 1 1.71691e-10 2.17411e-10 187 0 Y _479_
NET 169 PIN 2 DRV 1
1083 10 5 0 3.40801e-10 5.9497e-11 191 0 B2 _483_
1079 11 5 1 3.40801e-10 5.9497e-11 190 0 Y _482_
NET 170 PIN 2 DRV 1
1109 14 12 0 1.5335e-10 2.46385e-10 195 0 C _487_
1104 18 12 1 1.5335e-10 2.46385e-10 194 0 Y _486_
NET 171 PIN 2 DRV 1
1126 5 5 0 3.03255e-10 8.85295e-11 198 0 A2 _490_
1118 6 6 1 3.03255e-10 8.85295e-11 196 0 Y _488_
NET 172 PIN 2 DRV 1
1127 5 5 0 1.71691e-10 2.17411e-10 198 0 B _490_
1124 5 3 1 1.71691e-10 2.17411e-10 197 0 Y _489_
NET 173 PIN 2 DRV 1
1144 5 6 0 3.25503e-10 7.04726e-11 201 0 B1 _493_
1130 5 5 1 3.25503e-10 7.04726e-11 198 0 Y _490_
NET 174 PIN 2 DRV 1
1145 5 6 0 3.40801e-10 5.9497e-11 201 0 B2 _493_
1141 5 7 1 3.40801e-10 5.9497e-11 200 0 Y _492_
NET 175 PIN 2 DRV 1
1162 5 12 0 3.03255e-10 8.85295e-11 204 0 A2 _496_
1154 7 12 1 3.03255e-10 8.85295e-11 202 0 Y _494_
NET 176 PIN 2 DRV 1
1163 5 12 0 1.71691e-10 2.17411e-10 204 0 B _496_
1160 4 13 1 1.71691e-10 2.17411e-10 203 0 Y _495_
NET 177 PIN 2 DRV 1
1176 5 11 0 3.25503e-10 7.04726e-11 206 0 B1 _498_
1166 5 12 1 3.25503e-10 7.04726e-11 204 0 Y _496_
NET 178 PIN 2 DRV 1
1177 5 11 0 3.40801e-10 5.9497e-11 206 0 B2 _498_
1173 5 10 1 3.40801e-10 5.9497e-11 205 0 Y _497_
NET 179 PIN 2 DRV 1
1192 26 17 0 1.05257e-10 2.59946e-10 209 0 B _501_
1189 25 17 1 1.05257e-10 2.59946e-10 208 0 Y _500_
NET 180 PIN 2 DRV 1
1199 26 18 0 3.00307e-10 8.57182e-11 210 0 B _502_
1196 26 17 1 3.00307e-10 8.57182e-11 209 0 Y _501_
NET 181 PIN 2 DRV 1
1211 23 18 0 3.16329e-10 8.57182e-11 212 0 A2 _504_
1202 26 18 1 3.16329e-10 8.57182e-11 210 0 Y _502_
NET 182 PIN 2 DRV 1
1212 24 18 0 3.48936e-10 5.82253e-11 212 0 B _504_
1209 23 19 1 3.48936e-10 5.82253e-11 211 0 Y _503_
NET 183 PIN 2 DRV 1
1230 24 22 0 1.71691e-10 2.17411e-10 215 0 B _507_
1227 25 22 1 1.71691e-10 2.17411e-10 214 0 Y _506_
NET 184 PIN 2 DRV 1
1243 21 22 0 3.25503e-10 7.23524e-11 217 0 B1 _509_
1233 24 22 1 3.25503e-10 7.23524e-11 215 0 Y _507_
NET 185 PIN 2 DRV 1
1262 17 22 0 1.71691e-10 2.17411e-10 220 0 B _512_
1259 17 23 1 1.71691e-10 2.17411e-10 219 0 Y _511_
NET 186 PIN 2 DRV 1
1279 16 22 0 3.25503e-10 7.23524e-11 223 0 B1 _515_
1265 17 22 1 3.25503e-10 7.23524e-11 220 0 Y _512_
NET 187 PIN 2 DRV 1
1297 18 14 0 3.03255e-10 8.85295e-11 226 0 A2 _518_
1289 18 13 1 3.03255e-10 8.85295e-11 224 0 Y _516_
NET 188 PIN 2 DRV 1
1298 18 14 0 1.71691e-10 2.17411e-10 226 0 B _518_
1295 24 13 1 1.71691e-10 2.17411e-10 225 0 Y _517_
NET 189 PIN 2 DRV 1
1311 17 16 0 3.25503e-10 7.04726e-11 228 0 B1 _520_
1301 18 14 1 3.25503e-10 7.04726e-11 226 0 Y _518_
NET 190 PIN 2 DRV 1
1312 16 16 0 3.40801e-10 5.9497e-11 228 0 B2 _520_
1308 16 19 1 3.40801e-10 5.9497e-11 227 0 Y _519_
NET 191 PIN 2 DRV 0
1384 12 22 1 1.03807e-10 8.10188e-12 239 0 CON _531_
1323 9 22 0 1.03807e-10 8.10188e-12 230 0 A _522_
NET 192 PIN 6 DRV 0
1584 11 24 1 8.42224e-11 2.59772e-11 273 1 QN _565_
1550 11 21 0 8.42224e-11 1.21573e-10 267 0 A _559_
1324 9 22 0 8.42224e-11 2.59772e-11 230 0 B _522_
799 5 21 0 8.42224e-11 2.74282e-10 144 0 A _436_
255 12 17 0 8.42224e-11 2.45465e-10 51 0 C _343_
1 9 24 0 8.42224e-11 1.27769e-10 1 0 A _293_
NET 193 PIN 2 DRV 1
1330 5 18 0 1.45808e-10 1.01228e-10 231 0 A _523_
1319 8 18 1 1.45808e-10 1.01228e-10 229 0 Y _521_
NET 194 PIN 6 DRV 0
1589 9 18 1 8.42283e-11 1.51225e-11 274 1 QN _566_
1538 10 18 0 8.42283e-11 1.51225e-11 265 0 A _557_
1331 5 18 0 8.42283e-11 1.58793e-10 231 0 B _523_
839 5 20 0 8.42283e-11 2.74275e-10 151 0 A _443_
254 12 17 0 8.42283e-11 2.46466e-10 51 0 B _343_
13 7 19 0 8.42283e-11 1.26137e-10 4 0 A _296_
NET 195 PIN 2 DRV 1
1337 15 6 0 1.79353e-10 6.92929e-11 232 0 A _524_
474 15 7 1 1.79353e-10 6.92929e-11 94 0 Y _386_
NET 196 PIN 6 DRV 0
1599 18 3 1 8.33248e-11 1.69386e-11 276 1 QN _568_
1514 16 7 0 8.33248e-11 1.69386e-11 261 0 A _553_
1338 15 6 0 8.33248e-11 1.59614e-10 232 0 B _524_
911 15 5 0 8.33248e-11 2.75104e-10 163 0 A _455_
249 18 8 0 8.33248e-11 2.20613e-10 50 0 D _342_
21 15 4 0 8.33248e-11 1.11276e-10 6 0 A _298_
NET 197 PIN 2 DRV 1
1344 20 7 0 1.95446e-10 5.28841e-11 233 0 A _525_
486 18 7 1 1.95446e-10 5.28841e-11 96 0 Y _388_
NET 198 PIN 5 DRV 0
1609 26 8 1 8.32935e-11 9.91e-12 278 1 QN _570_
1490 18 8 0 8.32935e-11 9.91e-12 257 0 A _549_
1345 20 7 0 8.32935e-11 1.59659e-10 233 0 B _525_
983 24 6 0 8.32935e-11 2.7442e-10 175 0 A _467_
29 22 8 0 8.32935e-11 1.10495e-10 8 0 A _300_
NET 199 PIN 2 DRV 1
1351 11 7 0 2.14844e-10 3.55973e-11 234 0 A _526_
510 11 8 1 2.14844e-10 3.55973e-11 100 0 Y _392_
NET 200 PIN 6 DRV 0
1619 11 3 1 8.44681e-11 3.93937e-11 280 1 QN _572_
1466 11 9 0 8.44681e-11 3.93937e-11 253 0 A _545_
1352 11 7 0 8.44681e-11 1.58488e-10 234 0 B _526_
1051 11 5 0 8.44681e-11 2.73961e-10 186 0 A _478_
271 10 10 0 8.44681e-11 2.52734e-10 53 0 D _345_
37 12 3 0 8.44681e-11 1.11022e-10 10 0 A _302_
NET 201 PIN 2 DRV 1
1358 6 9 0 2.33774e-10 1.78621e-11 235 0 A _527_
522 11 9 1 2.33774e-10 1.78621e-11 102 0 Y _394_
NET 202 PIN 6 DRV 0
1629 9 6 1 8.44367e-11 3.34767e-11 282 1 QN _574_
1442 9 9 0 8.44367e-11 3.34767e-11 249 0 A _541_
1359 6 9 0 8.44367e-11 1.58515e-10 235 0 B _527_
1113 6 6 0 8.44367e-11 2.74002e-10 196 0 A _488_
269 10 10 0 8.44367e-11 2.52588e-10 53 0 B _345_
45 7 6 0 8.44367e-11 1.09748e-10 12 0 A _304_
NET 203 PIN 2 DRV 1
1365 20 18 0 2.32249e-10 1.87119e-11 236 0 A _528_
550 19 18 1 2.32249e-10 1.87119e-11 107 0 Y _399_
NET 204 PIN 5 DRV 0
1639 25 20 1 8.29829e-11 7.50848e-11 284 1 QN _576_
1418 20 19 0 8.29829e-11 7.50848e-11 245 0 A _537_
1366 20 18 0 8.29829e-11 1.60132e-10 236 0 B _528_
263 21 19 0 8.29829e-11 2.5442e-10 52 0 C _344_
53 24 19 0 8.29829e-11 1.10203e-10 14 0 A _306_
NET 205 PIN 2 DRV 1
1372 16 20 0 2.51291e-10 -1.94947e-12 237 0 A _529_
562 19 20 1 2.51291e-10 -1.94947e-12 109 0 Y _401_
NET 206 PIN 6 DRV 0
1649 20 24 1 8.45579e-11 7.55735e-11 286 1 QN _578_
1394 17 20 0 8.45579e-11 7.55735e-11 241 0 A _533_
1373 16 20 0 8.45579e-11 1.62606e-10 237 0 B _529_
1248 17 22 0 8.45579e-11 2.75723e-10 218 0 A _510_
261 20 19 0 8.45579e-11 2.53401e-10 52 0 A _344_
61 17 24 0 8.45579e-11 1.26443e-10 16 0 A _308_
NET 207 PIN 3 DRV 1
2185 13 24 0 7.47201e-11 1.26007e-10 468 0 A rebuffer21
1579 14 24 1 7.47201e-11 8.10188e-12 272 1 QN _564_
5 12 23 0 7.47201e-11 8.10188e-12 2 0 A _294_
NET 208 PIN 3 DRV 0
1659 12 21 1 7.59075e-11 1.44835e-11 288 1 QN _580_
1383 11 22 0 7.59075e-11 1.44835e-11 239 0 B _531_
364 12 22 0 7.59075e-11 1.28081e-10 70 0 A _362_
NET 209 PIN 2 DRV 0
1734 16 16 1 7.59075e-11 6.97878e-11 303 1 QN _595_
1389 17 17 0 7.59075e-11 6.97878e-11 240 0 B _532_
NET 210 PIN 3 DRV 0
1729 17 24 1 7.77129e-11 7.77118e-11 302 1 QN _594_
1401 17 23 0 7.77129e-11 1.4324e-10 242 0 B _534_
420 16 23 0 7.77129e-11 7.77118e-11 84 0 A _376_
NET 211 PIN 5 DRV 0
1644 25 23 1 7.9507e-11 3.85182e-11 285 1 QN _577_
1406 21 20 0 7.9507e-11 3.85182e-11 243 0 A _535_
1216 24 22 0 7.9507e-11 2.8234e-10 213 0 A _505_
262 21 19 0 7.9507e-11 2.58844e-10 52 0 B _344_
49 22 22 0 7.9507e-11 1.18189e-10 13 0 A _305_
NET 212 PIN 4 DRV 0
1719 26 19 1 8.03595e-11 7.2716e-11 300 1 QN _592_
1425 22 19 0 8.03595e-11 1.24571e-10 246 0 B _538_
1185 25 17 0 8.03595e-11 2.72229e-10 208 0 A _500_
412 22 18 0 8.03595e-11 7.2716e-11 82 0 A _374_
NET 213 PIN 5 DRV 0
1634 9 12 1 7.96282e-11 3.85178e-11 283 1 QN _575_
1430 8 10 0 7.96282e-11 3.85178e-11 247 0 A _539_
1149 6 12 0 7.96282e-11 2.80301e-10 202 0 A _494_
268 10 10 0 7.96282e-11 2.59328e-10 53 0 A _345_
41 7 11 0 7.96282e-11 1.16728e-10 11 0 A _303_
NET 214 PIN 3 DRV 0
1714 5 11 1 7.59075e-11 3.44424e-11 299 1 QN _591_
1437 7 11 0 7.59075e-11 1.2989e-10 248 0 B _540_
408 6 11 0 7.59075e-11 3.44424e-11 81 0 A _373_
NET 215 PIN 2 DRV 0
1709 6 6 1 7.77129e-11 3.55289e-11 298 1 QN _590_
1449 7 7 0 7.77129e-11 1.26444e-10 250 0 B _542_
NET 216 PIN 4 DRV 0
1624 12 13 1 7.7736e-11 3.09064e-11 281 1 QN _573_
1454 11 10 0 7.7736e-11 3.09064e-11 251 0 A _543_
270 10 10 0 7.7736e-11 2.60127e-10 53 0 C _345_
33 11 12 0 7.7736e-11 1.17638e-10 9 0 A _301_
NET 217 PIN 3 DRV 0
1704 16 12 1 7.59075e-11 2.48851e-11 297 1 QN _589_
1461 13 11 0 7.59075e-11 1.30654e-10 252 0 B _544_
400 16 11 0 7.59075e-11 2.48851e-11 79 0 A _371_
NET 218 PIN 2 DRV 0
1699 11 4 1 7.77129e-11 4.13891e-11 296 1 QN _588_
396 10 3 0 7.77129e-11 4.13891e-11 78 0 A _370_
NET 219 PIN 5 DRV 2
2201 24 11 0 7.81984e-11 2.68149e-10 472 0 A rebuffer25
2197 25 12 0 7.81984e-11 2.46053e-10 471 0 A rebuffer24
1614 24 12 1 7.81984e-11 -1.7794e-12 279 1 QN _571_
1478 20 10 0 7.81984e-11 -1.7794e-12 255 0 A _547_
25 23 11 0 7.81984e-11 1.17842e-10 7 0 A _299_
NET 220 PIN 3 DRV 1
2193 22 11 0 7.5382e-11 1.17141e-10 470 0 A rebuffer23
1694 21 11 1 7.5382e-11 -1.94948e-12 295 1 QN _587_
392 22 10 0 7.5382e-11 -1.94948e-12 77 0 A _369_
NET 221 PIN 5 DRV 2
2209 23 4 0 7.81984e-11 2.68149e-10 474 0 A rebuffer27
2205 18 4 0 7.81984e-11 2.12916e-10 473 0 A rebuffer26
1604 24 3 1 7.81984e-11 -7.88952e-14 277 1 QN _569_
1502 18 5 0 7.81984e-11 -7.88952e-14 259 0 A _551_
17 20 3 0 7.81984e-11 1.18666e-10 5 0 A _297_
NET 222 PIN 3 DRV 0
1684 21 3 1 7.65695e-11 -8.0267e-13 293 1 QN _585_
1509 21 4 0 7.65695e-11 1.28936e-10 260 0 B _552_
384 20 4 0 7.65695e-11 -8.0267e-13 75 0 A _367_
NET 223 PIN 3 DRV 0
1679 15 4 1 7.77129e-11 1.77918e-11 292 1 QN _584_
1521 16 4 0 7.77129e-11 1.26897e-10 262 0 B _554_
380 15 3 0 7.77129e-11 1.77918e-11 74 0 A _366_
NET 224 PIN 4 DRV 0
1594 10 15 1 7.94307e-11 2.91239e-11 275 1 QN _567_
1526 9 16 0 7.94307e-11 2.91239e-11 263 0 A _555_
879 7 15 0 7.94307e-11 2.8056e-10 158 0 A _450_
253 11 17 0 7.94307e-11 2.54114e-10 51 0 A _343_
NET 225 PIN 2 DRV 0
1674 6 15 1 7.59075e-11 2.48419e-11 291 1 QN _583_
1533 7 16 0 7.59075e-11 1.46013e-10 264 0 B _556_
NET 226 PIN 2 DRV 0
1669 6 19 1 7.77129e-11 1.6761e-11 290 1 QN _582_
1545 6 18 0 7.77129e-11 1.42569e-10 266 0 B _558_
NET 227 PIN 2 DRV 0
1664 8 23 1 7.77129e-11 2.37635e-11 289 1 QN _581_
1557 9 23 0 7.77129e-11 1.44181e-10 268 0 B _560_
NET 232 PIN 4 DRV 3
1377 12 20 0 8.87111e-11 1.28081e-10 238 0 B _530_
792 12 21 0 8.87111e-11 3.06452e-10 143 0 A1 _435_
594 12 24 0 8.87111e-11 3.01688e-10 115 0 C2 _407_
367 12 22 1 8.87111e-11 1.28081e-10 70 0 Y _362_
NET 233 PIN 5 DRV 4
1443 9 9 0 9.00968e-11 3.55289e-11 249 0 B _541_
1360 6 9 0 9.00968e-11 1.61491e-10 235 0 CI _527_
1142 5 6 0 9.00968e-11 3.05446e-10 201 0 A1 _493_
688 7 6 0 9.00968e-11 3.00752e-10 126 0 C2 _418_
407 6 6 1 9.00968e-11 3.55289e-11 80 0 Y _372_
NET 234 PIN 4 DRV 3
1431 8 10 0 8.87111e-11 3.44424e-11 247 0 B _539_
1174 5 11 0 8.87111e-11 3.06452e-10 206 0 A1 _498_
697 7 12 0 8.87111e-11 3.01688e-10 127 0 C2 _419_
411 6 11 1 8.87111e-11 3.44424e-11 81 0 Y _373_
NET 235 PIN 4 DRV 3
1419 19 19 0 9.24653e-11 7.2716e-11 245 0 B _537_
1367 20 18 0 9.24653e-11 1.58109e-10 236 0 CI _528_
706 23 19 0 9.24653e-11 3.01166e-10 128 0 C2 _420_
415 23 18 1 9.24653e-11 7.2716e-11 82 0 Y _374_
NET 236 PIN 4 DRV 3
1407 21 20 0 8.87111e-11 3.43699e-11 243 0 B _535_
1241 21 22 0 8.87111e-11 3.09159e-10 217 0 A1 _509_
715 22 24 0 8.87111e-11 3.04395e-10 129 0 C2 _421_
419 22 23 1 8.87111e-11 3.43699e-11 83 0 Y _375_
NET 237 PIN 5 DRV 4
1395 17 20 0 9.00968e-11 7.77118e-11 241 0 B _533_
1374 16 20 0 9.00968e-11 1.61371e-10 237 0 CI _529_
1277 16 22 0 9.00968e-11 3.08152e-10 223 0 A1 _515_
724 17 24 0 9.00968e-11 3.03458e-10 130 0 C2 _422_
423 17 23 1 9.00968e-11 7.77118e-11 84 0 Y _376_
NET 238 PIN 5 DRV 4
1551 11 21 0 9.00968e-11 1.16296e-10 267 0 B _559_
1325 9 22 0 9.00968e-11 2.37635e-11 230 0 CI _522_
828 7 22 0 9.00968e-11 3.05446e-10 149 0 A1 _441_
603 9 24 0 9.00968e-11 3.00752e-10 116 0 C2 _408_
371 8 23 1 9.00968e-11 2.37635e-11 71 0 Y _363_
NET 239 PIN 5 DRV 4
1539 10 18 0 9.00968e-11 1.6761e-11 265 0 B _557_
1332 5 18 0 9.00968e-11 1.6148e-10 231 0 CI _523_
872 4 20 0 9.00968e-11 3.05446e-10 157 0 A1 _449_
612 7 18 0 9.00968e-11 3.00752e-10 117 0 C2 _409_
375 6 18 1 9.00968e-11 1.6761e-11 72 0 Y _364_
NET 240 PIN 3 DRV 2
1527 9 16 0 8.87111e-11 2.48419e-11 263 0 B _555_
904 5 15 0 8.87111e-11 3.06452e-10 162 0 A1 _454_
379 7 15 1 8.87111e-11 2.48419e-11 73 0 Y _365_
NET 241 PIN 5 DRV 4
1515 16 7 0 9.00968e-11 1.77918e-11 261 0 B _553_
1339 15 6 0 9.00968e-11 1.61489e-10 232 0 CI _524_
944 14 5 0 9.00968e-11 3.05446e-10 169 0 A1 _461_
630 16 3 0 9.00968e-11 2.99404e-10 119 0 C2 _411_
383 15 3 1 9.00968e-11 1.77918e-11 74 0 Y _366_
NET 242 PIN 4 DRV 3
1503 18 5 0 8.6071e-11 -8.0267e-13 259 0 B _551_
976 19 5 0 8.6071e-11 3.10047e-10 174 0 A1 _466_
639 20 3 0 8.6071e-11 3.04111e-10 120 0 C2 _412_
387 20 4 1 8.6071e-11 -8.0267e-13 75 0 Y _367_
NET 243 PIN 5 DRV 4
1491 17 8 0 8.89531e-11 1.19405e-11 257 0 B _549_
1346 20 7 0 8.89531e-11 1.62613e-10 233 0 CI _525_
1012 22 6 0 8.89531e-11 3.05864e-10 180 0 A1 _472_
648 23 8 0 8.89531e-11 3.00526e-10 121 0 C2 _413_
391 24 7 1 8.89531e-11 1.19405e-11 76 0 Y _368_
NET 244 PIN 4 DRV 3
1479 20 10 0 8.45611e-11 -1.94948e-12 255 0 B _547_
1044 21 10 0 8.45611e-11 3.11667e-10 185 0 A1 _477_
657 22 11 0 8.45611e-11 3.05302e-10 122 0 C2 _414_
395 22 10 1 8.45611e-11 -1.94948e-12 77 0 Y _369_
NET 245 PIN 5 DRV 4
1467 11 9 0 9.00968e-11 4.13891e-11 253 0 B _545_
1353 11 7 0 9.00968e-11 1.59864e-10 234 0 CI _526_
1080 10 5 0 9.00968e-11 3.05446e-10 191 0 A1 _483_
666 11 3 0 9.00968e-11 3.00752e-10 123 0 C2 _415_
399 10 3 1 9.00968e-11 4.13891e-11 78 0 Y _370_
NET 246 PIN 4 DRV 3
1455 11 10 0 8.87005e-11 2.48851e-11 251 0 B _543_
1094 18 12 0 8.87005e-11 2.77952e-10 193 0 B _485_
679 10 12 0 8.87005e-11 3.01772e-10 125 0 C2 _417_
403 16 11 1 8.87005e-11 2.48851e-11 79 0 Y _371_
NET 247 PIN 3 DRV 2
1382 11 22 0 8.57434e-11 8.10188e-12 239 0 A _531_
591 12 24 0 8.57434e-11 3.048e-10 115 0 B1 _407_
8 12 23 1 8.57434e-11 8.10188e-12 2 0 Y _294_
NET 248 PIN 2 DRV 1
1448 7 7 0 9.81604e-11 1.09748e-10 250 0 A _542_
48 7 6 1 9.81604e-11 1.09748e-10 12 0 Y _304_
NET 249 PIN 2 DRV 0
44 7 11 1 9.21802e-11 1.16728e-10 11 0 Y _303_
694 7 12 0 9.21802e-11 2.98425e-10 127 0 B1 _419_
NET 250 PIN 3 DRV 2
1424 23 19 0 9.85535e-11 1.10203e-10 246 0 A _538_
1203 24 19 0 9.85535e-11 2.83233e-10 211 0 A _503_
56 25 19 1 9.85535e-11 1.10203e-10 14 0 Y _306_
NET 251 PIN 3 DRV 2
1412 22 23 0 9.20295e-11 1.18189e-10 244 0 A _536_
712 23 24 0 9.20295e-11 3.01243e-10 129 0 B1 _421_
52 22 22 1 9.20295e-11 1.18189e-10 13 0 Y _305_
NET 252 PIN 2 DRV 1
1400 17 23 0 9.83111e-11 1.26443e-10 242 0 A _534_
64 18 24 1 9.83111e-11 1.26443e-10 16 0 Y _308_
NET 253 PIN 3 DRV 2
1388 17 17 0 8.84064e-11 6.1264e-11 240 0 A _532_
734 17 15 0 8.84064e-11 3.049e-10 132 0 B1 _424_
60 18 15 1 8.84064e-11 6.1264e-11 15 0 Y _307_
NET 254 PIN 2 DRV 1
1556 9 23 0 9.78939e-11 1.27769e-10 268 0 A _560_
4 9 24 1 9.78939e-11 1.27769e-10 1 0 Y _293_
NET 255 PIN 2 DRV 1
1544 7 18 0 9.79011e-11 1.26137e-10 266 0 A _558_
16 7 19 1 9.79011e-11 1.26137e-10 4 0 Y _296_
NET 256 PIN 2 DRV 1
1532 7 16 0 9.19346e-11 1.331e-10 264 0 A _556_
12 8 15 1 9.19346e-11 1.331e-10 3 0 Y _295_
NET 257 PIN 2 DRV 0
24 16 4 1 9.70559e-11 1.11276e-10 6 0 Y _298_
627 16 3 0 9.70559e-11 2.92298e-10 119 0 B1 _411_
NET 258 PIN 3 DRV 2
1508 21 4 0 9.06804e-11 1.18666e-10 260 0 A _552_
636 21 3 0 9.06804e-11 2.98547e-10 120 0 B1 _412_
20 20 3 1 9.06804e-11 1.18666e-10 5 0 Y _297_
NET 259 PIN 3 DRV 2
1496 23 7 0 9.7017e-11 1.10495e-10 258 0 A _550_
645 23 8 0 9.7017e-11 2.92339e-10 121 0 B1 _413_
32 22 8 1 9.7017e-11 1.10495e-10 8 0 Y _300_
NET 260 PIN 3 DRV 2
1484 23 10 0 9.06804e-11 1.17842e-10 256 0 A _548_
654 22 11 0 9.06804e-11 2.98547e-10 122 0 B1 _414_
28 23 11 1 9.06804e-11 1.17842e-10 7 0 Y _299_
NET 261 PIN 3 DRV 2
1472 11 4 0 9.81994e-11 1.11022e-10 254 0 A _546_
663 11 3 0 9.81994e-11 2.92526e-10 123 0 B1 _415_
40 12 3 1 9.81994e-11 1.11022e-10 10 0 Y _302_
NET 262 PIN 3 DRV 2
1460 13 11 0 9.13744e-11 1.17638e-10 252 0 A _544_
1105 14 12 0 9.13744e-11 2.99043e-10 195 0 A1 _487_
36 11 12 1 9.13744e-11 1.17638e-10 9 0 Y _301_
NET 263 PIN 2 DRV 0
1876 13 27 1 8.84346e-11 2.99769e-10 390 0 Y input1
590 12 24 0 8.84346e-11 2.99769e-10 115 0 A2 _407_
NET 264 PIN 2 DRV 0
1912 3 21 1 8.922e-11 2.90324e-10 399 0 Y input10
850 4 21 0 8.922e-11 2.90324e-10 153 0 A2 _445_
NET 265 PIN 2 DRV 0
1916 3 14 1 8.922e-11 2.90324e-10 400 0 Y input11
886 5 14 0 8.922e-11 2.90324e-10 159 0 A2 _451_
NET 266 PIN 2 DRV 0
1920 10 27 1 8.84346e-11 2.99769e-10 401 0 Y input12
599 9 24 0 8.84346e-11 2.99769e-10 116 0 A2 _408_
NET 267 PIN 2 DRV 0
1924 14 2 1 8.922e-11 2.90324e-10 402 0 Y input13
918 14 3 0 8.922e-11 2.90324e-10 164 0 A2 _456_
NET 268 PIN 2 DRV 0
1928 23 2 1 8.922e-11 2.88977e-10 403 0 Y input14
958 23 3 0 8.922e-11 2.88977e-10 171 0 A2 _463_
NET 269 PIN 2 DRV 0
1936 27 11 1 8.922e-11 2.88977e-10 405 0 Y input16
1026 26 11 0 8.922e-11 2.88977e-10 182 0 A2 _474_
NET 270 PIN 2 DRV 0
1940 9 2 1 8.922e-11 2.90324e-10 406 0 Y input17
1058 9 3 0 8.922e-11 2.90324e-10 187 0 A2 _479_
NET 271 PIN 2 DRV 0
1944 26 12 1 8.85209e-11 2.95271e-10 407 0 Y input18
1100 18 12 0 8.85209e-11 2.95271e-10 194 0 A2 _486_
NET 272 PIN 2 DRV 0
1948 6 2 1 8.922e-11 2.90324e-10 408 0 Y input19
1120 5 3 0 8.922e-11 2.90324e-10 197 0 A2 _489_
NET 273 PIN 2 DRV 0
1880 8 2 1 8.84346e-11 2.99769e-10 391 0 Y input2
684 8 6 0 8.84346e-11 2.99769e-10 126 0 A2 _418_
NET 274 PIN 2 DRV 0
1952 3 13 1 8.922e-11 2.90324e-10 409 0 Y input20
1156 4 13 0 8.922e-11 2.90324e-10 203 0 A2 _495_
NET 275 PIN 2 DRV 0
1956 27 18 1 8.85209e-11 2.99049e-10 410 0 Y input21
1198 26 18 0 8.85209e-11 2.99049e-10 210 0 A2 _502_
NET 276 PIN 2 DRV 0
1960 27 22 1 8.922e-11 2.90324e-10 411 0 Y input22
1223 25 22 0 8.922e-11 2.90324e-10 214 0 A2 _506_
NET 277 PIN 2 DRV 0
1964 4 17 1 8.84346e-11 2.99769e-10 412 0 Y input23
608 8 18 0 8.84346e-11 2.99769e-10 117 0 A2 _409_
NET 278 PIN 2 DRV 0
1968 17 27 1 8.922e-11 2.90324e-10 413 0 Y input24
1255 17 23 0 8.922e-11 2.90324e-10 219 0 A2 _511_
NET 279 PIN 2 DRV 0
1976 3 15 1 8.84346e-11 2.99769e-10 415 0 Y input26
617 8 15 0 8.84346e-11 2.99769e-10 118 0 A2 _410_
NET 280 PIN 2 DRV 0
1980 16 2 1 8.84346e-11 2.98422e-10 416 0 Y input27
626 16 3 0 8.84346e-11 2.98422e-10 119 0 A2 _411_
NET 281 PIN 2 DRV 0
1984 21 2 1 8.84346e-11 2.98422e-10 417 0 Y input28
635 21 3 0 8.84346e-11 2.98422e-10 120 0 A2 _412_
NET 282 PIN 2 DRV 0
1988 27 8 1 8.84346e-11 2.98422e-10 418 0 Y input29
644 24 8 0 8.84346e-11 2.98422e-10 121 0 A2 _413_
NET 283 PIN 2 DRV 0
1884 4 12 1 8.84346e-11 2.99769e-10 392 0 Y input3
693 8 12 0 8.84346e-11 2.99769e-10 127 0 A2 _419_
NET 284 PIN 2 DRV 0
1992 23 12 1 8.84346e-11 2.98422e-10 419 0 Y input30
653 23 11 0 8.84346e-11 2.98422e-10 122 0 A2 _414_
NET 285 PIN 2 DRV 0
1996 11 2 1 8.84346e-11 2.99769e-10 420 0 Y input31
662 11 3 0 8.84346e-11 2.99769e-10 123 0 A2 _415_
NET 286 PIN 2 DRV 0
2000 3 12 1 8.84346e-11 2.99769e-10 421 0 Y input32
675 11 12 0 8.84346e-11 2.99769e-10 125 0 A2 _417_
NET 287 PIN 3 DRV 0
2004 27 14 1 9.07661e-11 2.64915e-10 422 0 Y input33
320 25 14 0 9.07661e-11 2.91782e-10 62 0 A _354_
81 23 14 0 9.07661e-11 2.64915e-10 21 0 A _313_
NET 288 PIN 3 DRV 0
2008 26 14 1 9.2039e-11 3.02241e-10 423 0 Y input34
360 23 16 0 9.2039e-11 3.12401e-10 69 0 B _361_
291 23 15 0 9.2039e-11 3.09716e-10 56 0 C _348_
NET 289 PIN 3 DRV 0
2012 26 16 1 8.93896e-11 2.87029e-10 424 0 Y input35
352 25 16 0 8.93896e-11 2.99828e-10 68 0 A1 _360_
314 26 15 0 8.93896e-11 2.87029e-10 61 0 B _353_
NET 290 PIN 35 DRV 34
2013 5 2 0 1.31652e-10 1.64369e-10 425 0 A output36
1290 24 13 0 1.31652e-10 2.44697e-10 225 0 A1 _517_
1254 17 23 0 1.31652e-10 2.44697e-10 219 0 A1 _511_
1222 25 22 0 1.31652e-10 2.44697e-10 214 0 A1 _506_
1197 26 18 0 1.31652e-10 2.52599e-10 210 0 A1 _502_
1155 4 13 0 1.31652e-10 2.44697e-10 203 0 A1 _495_
1119 5 3 0 1.31652e-10 2.44697e-10 197 0 A1 _489_
1099 18 12 0 1.31652e-10 2.4891e-10 194 0 A1 _486_
1057 9 3 0 1.31652e-10 2.44697e-10 187 0 A1 _479_
1025 26 11 0 1.31652e-10 2.43972e-10 182 0 A1 _474_
989 26 6 0 1.31652e-10 2.43972e-10 176 0 A1 _468_
957 23 3 0 1.31652e-10 2.43972e-10 171 0 A1 _463_
917 14 3 0 1.31652e-10 2.44697e-10 164 0 A1 _456_
885 5 14 0 1.31652e-10 2.44697e-10 159 0 A1 _451_
849 4 21 0 1.31652e-10 2.44697e-10 153 0 A1 _445_
805 6 22 0 1.31652e-10 2.44697e-10 145 0 A1 _437_
764 14 23 0 1.31652e-10 2.44697e-10 138 0 A1 _430_
732 17 15 0 1.31652e-10 2.56986e-10 132 0 A1 _424_
719 18 24 0 1.31652e-10 2.56986e-10 130 0 A1 _422_
710 23 24 0 1.31652e-10 2.56986e-10 129 0 A1 _421_
701 23 19 0 1.31652e-10 2.56986e-10 128 0 A1 _420_
692 8 12 0 1.31652e-10 2.56986e-10 127 0 A1 _419_
683 8 6 0 1.31652e-10 2.56986e-10 126 0 A1 _418_
674 11 12 0 1.31652e-10 2.56986e-10 125 0 A1 _417_
661 11 3 0 1.31652e-10 2.56986e-10 123 0 A1 _415_
652 23 11 0 1.31652e-10 2.55639e-10 122 0 A1 _414_
643 23 8 0 1.31652e-10 2.55639e-10 121 0 A1 _413_
634 21 3 0 1.31652e-10 2.55639e-10 120 0 A1 _412_
625 16 3 0 1.31652e-10 2.55639e-10 119 0 A1 _411_
616 8 15 0 1.31652e-10 2.56986e-10 118 0 A1 _410_
607 7 18 0 1.31652e-10 2.56986e-10 117 0 A1 _409_
598 9 24 0 1.31652e-10 2.56986e-10 116 0 A1 _408_
589 12 24 0 1.31652e-10 2.56986e-10 115 0 A1 _407_
82 23 14 0 1.31652e-10 2.2331e-10 21 0 B _313_
72 25 12 1 1.31652e-10 1.64369e-10 18 0 Y _310_
NET 291 PIN 4 DRV 1
2017 12 27 0 1.28198e-10 1.66493e-10 426 0 A output37
1379 12 20 1 1.28198e-10 1.26007e-10 238 0 SN _530_
788 13 21 0 1.28198e-10 2.39727e-10 142 0 C _434_
231 12 18 0 1.28198e-10 1.26007e-10 47 0 A _339_
NET 292 PIN 3 DRV 2
2021 2 8 0 2.8029e-10 1.83316e-11 427 0 A output38
1138 5 7 0 2.8029e-10 9.24296e-11 200 0 C _492_
1134 6 8 1 2.8029e-10 1.83316e-11 199 0 Y _491_
NET 293 PIN 2 DRV 1
2025 4 10 0 2.7963e-10 1.78621e-11 428 0 A output39
453 6 10 1 2.7963e-10 1.78621e-11 90 0 Y _382_
NET 294 PIN 2 DRV 0
1888 27 19 1 8.84346e-11 2.99769e-10 393 0 Y input4
702 23 19 0 8.84346e-11 2.99769e-10 128 0 A2 _420_
NET 295 PIN 3 DRV 2
2029 27 17 0 2.77993e-10 2.04703e-11 429 0 A output40
1190 26 17 0 2.77993e-10 8.57182e-11 209 0 A1 _501_
1184 23 18 1 2.77993e-10 2.04703e-11 207 0 Y _499_
NET 296 PIN 3 DRV 2
2033 20 27 0 2.77905e-10 1.87119e-11 430 0 A output41
1236 20 22 0 2.77905e-10 9.62034e-11 216 0 B _508_
458 20 21 1 2.77905e-10 1.87119e-11 91 0 Y _383_
NET 297 PIN 3 DRV 2
2037 15 27 0 2.9854e-10 6.85813e-13 431 0 A output42
1273 15 22 0 2.9854e-10 7.91405e-11 222 0 C _514_
1269 16 21 1 2.9854e-10 6.85813e-13 221 0 Y _513_
NET 298 PIN 3 DRV 2
2041 16 27 0 3.02517e-10 -1.94947e-12 432 0 A output43
1304 16 19 0 3.02517e-10 7.61945e-11 227 0 B _519_
428 16 20 1 3.02517e-10 -1.94947e-12 85 0 Y _377_
NET 299 PIN 3 DRV 2
2045 8 27 0 1.57094e-10 1.42094e-10 433 0 A output44
824 7 21 0 1.57094e-10 2.22088e-10 148 0 C _440_
820 8 21 1 1.57094e-10 1.42094e-10 147 0 Y _439_
NET 300 PIN 3 DRV 2
2049 3 19 0 1.98082e-10 1.01228e-10 434 0 A output45
868 5 19 0 1.98082e-10 1.81161e-10 156 0 C _448_
864 5 18 1 1.98082e-10 1.01228e-10 155 0 Y _447_
NET 301 PIN 3 DRV 2
2053 3 17 0 1.96227e-10 1.01652e-10 435 0 A output46
899 5 16 0 1.96227e-10 1.81686e-10 161 0 B _453_
433 5 17 1 1.96227e-10 1.01652e-10 86 0 Y _378_
NET 302 PIN 3 DRV 2
2057 14 2 0 2.30021e-10 6.92929e-11 436 0 A output47
940 14 5 0 2.30021e-10 1.49224e-10 168 0 C _460_
936 14 6 1 2.30021e-10 6.92929e-11 167 0 Y _459_
NET 303 PIN 3 DRV 2
2061 18 2 0 2.28178e-10 6.96974e-11 437 0 A output48
971 18 5 0 2.28178e-10 1.49006e-10 173 0 B _465_
438 17 6 1 2.28178e-10 6.96974e-11 87 0 Y _379_
NET 304 PIN 3 DRV 2
2065 20 2 0 2.4643e-10 5.28841e-11 438 0 A output49
1008 21 6 0 2.4643e-10 1.30609e-10 179 0 C _471_
1004 20 7 1 2.4643e-10 5.28841e-11 178 0 Y _470_
NET 305 PIN 2 DRV 0
1892 23 27 1 8.84346e-11 2.99769e-10 394 0 Y input5
711 23 24 0 8.84346e-11 2.99769e-10 129 0 A2 _421_
NET 306 PIN 2 DRV 1
2069 24 9 0 2.44588e-10 5.3288e-11 439 0 A output50
443 20 9 1 2.44588e-10 5.3288e-11 88 0 Y _380_
NET 307 PIN 3 DRV 2
2073 11 2 0 2.60424e-10 3.81972e-11 440 0 A output51
1076 11 5 0 2.60424e-10 1.12295e-10 190 0 C _482_
1072 11 6 1 2.60424e-10 3.81972e-11 189 0 Y _481_
NET 308 PIN 3 DRV 2
2077 12 2 0 2.61024e-10 3.55973e-11 441 0 A output52
1108 13 12 0 2.61024e-10 1.33898e-10 195 0 B2 _487_
448 12 8 1 2.61024e-10 3.55973e-11 89 0 Y _381_
NET 309 PIN 4 DRV 3
2117 18 6 0 1.28006e-10 -8.02677e-13 451 0 A rebuffer4
2113 17 6 0 1.28006e-10 1.3796e-10 450 0 A rebuffer3
2109 17 5 0 1.28006e-10 8.33569e-11 449 0 A rebuffer2
2108 19 5 1 1.28006e-10 -8.02677e-13 448 0 Y rebuffer1
NET 310 PIN 2 DRV 1
187 17 4 0 1.40338e-10 8.33569e-11 39 0 A2 _331_
2112 17 5 1 1.40338e-10 8.33569e-11 449 0 Y rebuffer2
NET 311 PIN 2 DRV 1
435 17 6 0 1.41945e-10 1.3796e-10 87 0 B _379_
2116 18 6 1 1.41945e-10 1.3796e-10 450 0 Y rebuffer3
NET 312 PIN 4 DRV 3
2121 18 7 0 1.40813e-10 8.55312e-11 452 0 A rebuffer5
103 17 8 0 1.40813e-10 -8.02677e-13 24 0 D _316_
488 17 7 0 1.40813e-10 7.02527e-12 97 0 A2 _389_
2120 18 6 1 1.40813e-10 -8.02677e-13 451 0 Y rebuffer4
NET 313 PIN 2 DRV 1
193 21 10 0 1.39448e-10 8.60568e-11 40 0 A2 _332_
2128 22 10 1 1.39448e-10 8.60568e-11 453 0 Y rebuffer6
NET 314 PIN 2 DRV 0
1896 18 27 1 8.84346e-11 2.99769e-10 395 0 Y input6
720 18 24 0 8.84346e-11 2.99769e-10 130 0 A2 _422_
NET 315 PIN 4 DRV 3
102 17 8 0 1.40161e-10 -1.94948e-12 24 0 C _316_
502 17 9 0 1.40161e-10 3.74233e-11 99 0 B2 _391_
182 17 10 0 1.40161e-10 8.20145e-11 38 0 B _330_
2136 20 10 1 1.40161e-10 -1.94948e-12 455 0 Y rebuffer8
NET 316 PIN 4 DRV 3
2145 11 11 0 1.37994e-10 8.52967e-11 458 0 A rebuffer11
523 11 10 0 1.37994e-10 2.48851e-11 103 0 A1 _395_
2141 13 10 0 1.37994e-10 7.29834e-11 457 0 A rebuffer10
2140 12 11 1 1.37994e-10 2.48851e-11 456 0 Y rebuffer9
NET 317 PIN 2 DRV 1
163 13 9 0 1.5055e-10 7.29834e-11 35 0 A1 _327_
2144 13 10 1 1.5055e-10 7.29834e-11 457 0 Y rebuffer10
NET 318 PIN 3 DRV 2
2149 12 9 0 1.52484e-10 1.11555e-10 459 0 A rebuffer12
517 11 9 0 1.52484e-10 8.52967e-11 102 0 A1 _394_
2148 11 11 1 1.52484e-10 8.52967e-11 458 0 Y rebuffer11
NET 319 PIN 2 DRV 1
444 12 8 0 1.66796e-10 1.11555e-10 89 0 A _381_
2152 12 9 1 1.66796e-10 1.11555e-10 459 0 Y rebuffer12
NET 320 PIN 2 DRV 1
114 10 17 0 1.43566e-10 9.47318e-11 26 0 B _318_
2156 10 16 1 1.43566e-10 9.47318e-11 460 0 Y rebuffer13
NET 321 PIN 2 DRV 1
129 7 17 0 1.44614e-10 9.62254e-11 29 0 A2 _321_
2160 9 16 1 1.44614e-10 9.62254e-11 461 0 Y rebuffer14
NET 322 PIN 2 DRV 1
430 5 17 0 1.58975e-10 1.18707e-10 86 0 B _378_
2164 8 17 1 1.58975e-10 1.18707e-10 462 0 Y rebuffer15
NET 323 PIN 2 DRV 1
483 18 7 0 1.19159e-10 1.22489e-10 96 0 B _388_
2168 19 7 1 1.19159e-10 1.22489e-10 463 0 Y rebuffer16
NET 324 PIN 2 DRV 0
1900 27 15 1 8.84346e-11 2.99769e-10 396 0 Y input7
733 17 15 0 8.84346e-11 2.99769e-10 132 0 A2 _424_
NET 325 PIN 2 DRV 1
109 13 14 0 1.90032e-10 5.48388e-11 25 0 C _317_
2172 17 9 1 1.90032e-10 5.48388e-11 464 0 Y rebuffer17
NET 326 PIN 3 DRV 2
96 12 10 0 1.29281e-10 3.44424e-11 23 0 D _315_
535 9 10 0 1.29281e-10 6.39483e-11 105 0 A1 _397_
2176 9 11 1 1.29281e-10 3.44424e-11 465 0 Y rebuffer18
NET 327 PIN 3 DRV 2
2181 7 10 0 1.42826e-10 1.21664e-10 467 0 A rebuffer20
170 8 10 0 1.42826e-10 7.99658e-11 36 0 A2 _328_
2180 10 11 1 1.42826e-10 7.99658e-11 466 0 Y rebuffer19
NET 328 PIN 2 DRV 1
450 6 10 0 1.56619e-10 1.21664e-10 90 0 B _382_
2184 7 10 1 1.56619e-10 1.21664e-10 467 0 Y rebuffer20
NET 329 PIN 4 DRV 3
2189 13 20 0 9.28191e-11 2.27596e-10 469 0 A rebuffer22
1376 12 20 0 9.28191e-11 1.26007e-10 238 0 A _530_
758 13 21 0 9.28191e-11 2.70617e-10 137 0 A _429_
2188 14 24 1 9.28191e-11 1.26007e-10 468 0 Y rebuffer21
NET 330 PIN 2 DRV 1
256 12 17 0 1.06124e-10 2.27596e-10 51 0 D _343_
2192 13 20 1 1.06124e-10 2.27596e-10 469 0 Y rebuffer22
NET 331 PIN 2 DRV 1
1485 22 10 0 9.21726e-11 1.17141e-10 256 0 B _548_
2196 22 11 1 9.21726e-11 1.17141e-10 470 0 Y rebuffer23
NET 332 PIN 2 DRV 1
264 21 19 0 9.53193e-11 2.46053e-10 52 0 D _344_
2200 25 12 1 9.53193e-11 2.46053e-10 471 0 Y rebuffer24
NET 333 PIN 2 DRV 1
1019 24 10 0 9.53734e-11 2.68149e-10 181 0 A _473_
2204 25 11 1 9.53734e-11 2.68149e-10 472 0 Y rebuffer25
NET 334 PIN 2 DRV 1
248 18 8 0 9.52913e-11 2.12916e-10 50 0 C _342_
2208 18 4 1 9.52913e-11 2.12916e-10 473 0 Y rebuffer26
NET 335 PIN 2 DRV 0
1904 14 27 1 8.922e-11 2.90324e-10 397 0 Y input8
765 14 23 0 8.922e-11 2.90324e-10 138 0 A2 _430_
NET 336 PIN 2 DRV 1
951 23 5 0 9.53734e-11 2.68149e-10 170 0 A _462_
2212 24 4 1 9.53734e-11 2.68149e-10 474 0 Y rebuffer27
NET 337 PIN 2 DRV 0
1908 4 22 1 8.922e-11 2.90324e-10 398 0 Y input9
806 6 22 0 8.922e-11 2.90324e-10 145 0 A2 _437_
NET 338 PIN 2 DRV 1
1873 12 27 0 7.8e-11 2.99769e-10 390 0 A input1
2 13 27 1 7.8e-11 2.99769e-10 -1 1 req_msg[0] PORT
NET 339 PIN 2 DRV 1
1877 7 2 0 7.8e-11 2.99769e-10 391 0 A input2
3 7 0 1 7.8e-11 2.99769e-10 -1 1 req_msg[10] PORT
NET 340 PIN 2 DRV 1
1881 4 12 0 7.8e-11 2.99769e-10 392 0 A input3
4 2 12 1 7.8e-11 2.99769e-10 -1 1 req_msg[11] PORT
NET 341 PIN 2 DRV 1
1885 27 19 0 7.8e-11 2.99769e-10 393 0 A input4
5 29 19 1 7.8e-11 2.99769e-10 -1 1 req_msg[12] PORT
NET 342 PIN 2 DRV 1
1889 23 27 0 7.8e-11 2.99769e-10 394 0 A input5
6 23 29 1 7.8e-11 2.99769e-10 -1 1 req_msg[13] PORT
NET 343 PIN 2 DRV 1
1893 18 27 0 7.8e-11 2.99769e-10 395 0 A input6
7 18 29 1 7.8e-11 2.99769e-10 -1 1 req_msg[14] PORT
NET 344 PIN 2 DRV 1
1897 27 15 0 7.8e-11 2.99769e-10 396 0 A input7
8 27 16 1 7.8e-11 2.99769e-10 -1 1 req_msg[15] PORT
NET 345 PIN 2 DRV 1
1901 14 27 0 7.8e-11 2.90324e-10 397 0 A input8
9 14 29 1 7.8e-11 2.90324e-10 -1 1 req_msg[16] PORT
NET 346 PIN 2 DRV 1
1905 3 22 0 7.8e-11 2.90324e-10 398 0 A input9
10 2 22 1 7.8e-11 2.90324e-10 -1 1 req_msg[17] PORT
NET 347 PIN 2 DRV 1
1909 3 21 0 7.8e-11 2.90324e-10 399 0 A input10
11 2 21 1 7.8e-11 2.90324e-10 -1 1 req_msg[18] PORT
NET 348 PIN 2 DRV 1
1913 3 14 0 7.8e-11 2.90324e-10 400 0 A input11
12 2 14 1 7.8e-11 2.90324e-10 -1 1 req_msg[19] PORT
NET 349 PIN 2 DRV 1
1917 9 27 0 7.8e-11 2.99769e-10 401 0 A input12
13 9 29 1 7.8e-11 2.99769e-10 -1 1 req_msg[1] PORT
NET 350 PIN 2 DRV 1
1921 13 2 0 7.8e-11 2.90324e-10 402 0 A input13
14 13 0 1 7.8e-11 2.90324e-10 -1 1 req_msg[20] PORT
NET 351 PIN 2 DRV 1
1925 23 2 0 7.8e-11 2.88977e-10 403 0 A input14
15 23 0 1 7.8e-11 2.88977e-10 -1 1 req_msg[21] PORT
NET 352 PIN 2 DRV 1
1929 26 6 0 7.8e-11 2.88977e-10 404 0 A input15
16 27 6 1 7.8e-11 2.88977e-10 -1 1 req_msg[22] PORT
NET 353 PIN 2 DRV 1
1933 27 11 0 7.8e-11 2.88977e-10 405 0 A input16
17 29 11 1 7.8e-11 2.88977e-10 -1 1 req_msg[23] PORT
NET 354 PIN 2 DRV 1
1937 9 2 0 7.8e-11 2.90324e-10 406 0 A input17
18 9 0 1 7.8e-11 2.90324e-10 -1 1 req_msg[24] PORT
NET 355 PIN 2 DRV 1
1941 25 12 0 7.8e-11 2.95271e-10 407 0 A input18
19 27 13 1 7.8e-11 2.95271e-10 -1 1 req_msg[25] PORT
NET 356 PIN 2 DRV 1
1945 5 2 0 7.8e-11 2.90324e-10 408 0 A input19
20 5 0 1 7.8e-11 2.90324e-10 -1 1 req_msg[26] PORT
NET 357 PIN 2 DRV 1
1949 3 13 0 7.8e-11 2.90324e-10 409 0 A input20
21 2 14 1 7.8e-11 2.90324e-10 -1 1 req_msg[27] PORT
NET 358 PIN 2 DRV 1
1953 27 18 0 7.8e-11 2.99049e-10 410 0 A input21
22 27 17 1 7.8e-11 2.99049e-10 -1 1 req_msg[28] PORT
NET 359 PIN 2 DRV 1
1957 27 22 0 7.8e-11 2.90324e-10 411 0 A input22
23 29 22 1 7.8e-11 2.90324e-10 -1 1 req_msg[29] PORT
NET 360 PIN 2 DRV 1
1961 4 17 0 7.8e-11 2.99769e-10 412 0 A input23
24 2 17 1 7.8e-11 2.99769e-10 -1 1 req_msg[2] PORT
NET 361 PIN 2 DRV 1
1965 17 27 0 7.8e-11 2.90324e-10 413 0 A input24
25 17 29 1 7.8e-11 2.90324e-10 -1 1 req_msg[30] PORT
NET 362 PIN 2 DRV 1
1969 24 13 0 7.8e-11 2.90324e-10 414 0 A input25
26 27 13 1 7.8e-11 2.90324e-10 -1 1 req_msg[31] PORT
NET 363 PIN 2 DRV 1
1973 3 15 0 7.8e-11 2.99769e-10 415 0 A input26
27 2 16 1 7.8e-11 2.99769e-10 -1 1 req_msg[3] PORT
NET 364 PIN 2 DRV 1
1977 16 2 0 7.8e-11 2.98422e-10 416 0 A input27
28 16 0 1 7.8e-11 2.98422e-10 -1 1 req_msg[4] PORT
NET 365 PIN 2 DRV 1
1981 21 2 0 7.8e-11 2.98422e-10 417 0 A input28
29 21 0 1 7.8e-11 2.98422e-10 -1 1 req_msg[5] PORT
NET 366 PIN 2 DRV 1
1985 26 8 0 7.8e-11 2.98422e-10 418 0 A input29
30 27 8 1 7.8e-11 2.98422e-10 -1 1 req_msg[6] PORT
NET 367 PIN 2 DRV 1
1989 22 12 0 7.8e-11 2.98422e-10 419 0 A input30
31 27 12 1 7.8e-11 2.98422e-10 -1 1 req_msg[7] PORT
NET 368 PIN 2 DRV 1
1993 11 2 0 7.8e-11 2.99769e-10 420 0 A input31
32 11 0 1 7.8e-11 2.99769e-10 -1 1 req_msg[8] PORT
NET 369 PIN 2 DRV 1
1997 3 12 0 7.8e-11 2.99769e-10 421 0 A input32
33 2 13 1 7.8e-11 2.99769e-10 -1 1 req_msg[9] PORT
NET 370 PIN 2 DRV 0
2016 5 2 1 1.47631e-10 1.64369e-10 425 0 Y output36
34 5 0 0 1.47631e-10 1.64369e-10 -1 1 req_rdy PORT
NET 371 PIN 2 DRV 1
2001 27 14 0 7.8e-11 2.64915e-10 422 0 A input33
35 29 14 1 7.8e-11 2.64915e-10 -1 1 req_val PORT
NET 372 PIN 2 DRV 1
2005 26 14 0 7.8e-11 3.02241e-10 423 0 A input34
36 27 14 1 7.8e-11 3.02241e-10 -1 1 reset PORT
NET 373 PIN 2 DRV 0
2020 12 27 1 1.45507e-10 1.66493e-10 426 0 Y output37
37 12 29 0 1.45507e-10 1.66493e-10 -1 1 resp_msg[0] PORT
NET 374 PIN 2 DRV 0
2024 2 8 1 2.93668e-10 1.83316e-11 427 0 Y output38
38 0 8 0 2.93668e-10 1.83316e-11 -1 1 resp_msg[10] PORT
NET 375 PIN 2 DRV 0
2028 4 10 1 2.94138e-10 1.78621e-11 428 0 Y output39
39 2 10 0 2.94138e-10 1.78621e-11 -1 1 resp_msg[11] PORT
NET 376 PIN 2 DRV 0
2032 27 17 1 2.9153e-10 2.04703e-11 429 0 Y output40
40 29 17 0 2.9153e-10 2.04703e-11 -1 1 resp_msg[12] PORT
NET 377 PIN 2 DRV 0
2036 20 27 1 2.93288e-10 1.87119e-11 430 0 Y output41
41 20 29 0 2.93288e-10 1.87119e-11 -1 1 resp_msg[13] PORT
NET 378 PIN 2 DRV 0
2040 16 27 1 3.11314e-10 6.85813e-13 431 0 Y output42
42 16 29 0 3.11314e-10 6.85813e-13 -1 1 resp_msg[14] PORT
NET 379 PIN 2 DRV 0
2044 16 27 1 3.13949e-10 -1.94947e-12 432 0 Y output43
43 16 29 0 3.13949e-10 -1.94947e-12 -1 1 resp_msg[15] PORT
NET 380 PIN 2 DRV 0
2048 8 27 1 1.69906e-10 1.42094e-10 433 0 Y output44
44 8 29 0 1.69906e-10 1.42094e-10 -1 1 resp_msg[1] PORT
NET 381 PIN 2 DRV 0
2052 4 19 1 2.10772e-10 1.01228e-10 434 0 Y output45
45 2 20 0 2.10772e-10 1.01228e-10 -1 1 resp_msg[2] PORT
NET 382 PIN 2 DRV 0
2056 3 17 1 2.10348e-10 1.01652e-10 435 0 Y output46
46 2 18 0 2.10348e-10 1.01652e-10 -1 1 resp_msg[3] PORT
NET 383 PIN 2 DRV 0
2060 14 2 1 2.42707e-10 6.92929e-11 436 0 Y output47
47 14 0 0 2.42707e-10 6.92929e-11 -1 1 resp_msg[4] PORT
NET 384 PIN 2 DRV 0
2064 18 2 1 2.42303e-10 6.96974e-11 437 0 Y output48
48 18 0 0 2.42303e-10 6.96974e-11 -1 1 resp_msg[5] PORT
NET 385 PIN 2 DRV 0
2068 20 2 1 2.59116e-10 5.28841e-11 438 0 Y output49
49 21 2 0 2.59116e-10 5.28841e-11 -1 1 resp_msg[6] PORT
NET 386 PIN 2 DRV 0
2072 24 9 1 2.58712e-10 5.3288e-11 439 0 Y output50
50 27 9 0 2.58712e-10 5.3288e-11 -1 1 resp_msg[7] PORT
NET 387 PIN 2 DRV 0
2076 11 2 1 2.73803e-10 3.81972e-11 440 0 Y output51
51 11 0 0 2.73803e-10 3.81972e-11 -1 1 resp_msg[8] PORT
NET 388 PIN 2 DRV 0
2080 13 2 1 2.76403e-10 3.55973e-11 441 0 Y output52
52 13 0 0 2.76403e-10 3.55973e-11 -1 1 resp_msg[9] PORT
NET 389 PIN 2 DRV 1
2009 26 16 0 7.8e-11 2.87029e-10 424 0 A input35
53 27 16 1 7.8e-11 2.87029e-10 -1 1 resp_rdy PORT
NET 390 PIN 2 DRV 0
2084 27 16 1 1.89613e-10 1.22387e-10 442 0 Y output53
54 29 16 0 1.89613e-10 1.22387e-10 -1 1 resp_val PORT
